tree
version=v4
num_class=1
num_tree_per_iteration=1
label_index=0
max_feature_idx=8
objective=regression
feature_names=market_energy energy_slope mpo mpo_bias compression_index rsi_14 atr_ratio bb_width candle_body_ratio
feature_infos=[0.22377131300027575:97.927199902011566] [-69.078498936560408:70.773361623428229] [-91.117089029513025:91.456099829562717] [-1:1] [1.9689339048056809e-10:1] [8.9920611699117607:93.003605777006939] [0.52528269629372892:2.491824616837909] [0.00012253580097698475:0.11248033676707118] [0:0.99999999912739956]
tree_sizes=922 969 958 965 964 971 967 969 953 967 979 957 960 964 953 964 976 982 976 957 982 960 959 953 967 985 956 980 947 969 964 967 950 982 965 962 964 951 966 959 972 952 975 985 963 973 949 960 955 966 973 950 976 964 958 967 952 954 974 946 964 945 955 961 971 942 974 950 969 951 967 962 961 969 977 956 936 953 964 955 975 946 954 954 963 953 983 958 970 948 968 967 953 955 953 955 944 960 945 964

Tree=0
num_leaves=9
num_cat=0
split_feature=5 7 7 3 4 7 4 5
split_gain=4.79392 7.67566 3.11953 2.75733 5.10763 3.03252 2.74893 5.51673
threshold=70.447449112540951 0.003841243022846236 0.0039757336109885579 1.0000000180025095e-35 0.51695447996920485 0.0076943605153092084 0.69494689521599662 67.016837082990506
decision_type=2 2 2 2 8 2 8 2
left_child=2 -2 6 -4 5 -5 -1 -8
right_child=1 -3 3 4 -6 -7 7 -9
leaf_value=0.65961757128319143 0.64791037695566667 0.65934304095479257 0.66072414832409798 0.66160627012997619 0.66275727774336235 0.65894367363272277 0.6612481201876641 0.65040484835960399
leaf_weight=3200 81 829 4801 1396 3363 874 3393 60
leaf_count=3200 81 829 4801 1396 3363 874 3393 60
internal_value=0.660832 0.658325 0.660966 0.661348 0.66188 0.660581 0.660366 0.66106
internal_weight=17997 910 17087 10434 5633 2270 6653 3453
internal_count=17997 910 17087 10434 5633 2270 6653 3453
is_linear=0
shrinkage=1


Tree=1
num_leaves=9
num_cat=0
split_feature=5 7 2 7 5 0 0 2
split_gain=4.48183 6.32538 4.55594 4.29684 6.52747 4.77669 3.93049 3.85449
threshold=71.969488277318689 0.0050148310321932992 53.044854639106241 0.0041232127521527709 67.402836791445864 20.903546068863836 19.989050271661558 34.262237972475553
decision_type=2 2 8 2 2 8 10 10
left_child=2 -2 -1 4 -4 -5 -6 -3
right_child=1 7 3 5 6 -7 -8 -9
leaf_value=-0.00025023505322196884 -0.0099727544197598366 -0.010817817047647595 0.00030134100351237512 0.0032322321823951118 -0.017192735584008852 0.00017760999021426504 -0.0030539541247868651 -0.00032445081175018405
leaf_weight=12376 126 48 2154 1580 42 1085 60 526
leaf_count=12376 126 48 2154 1580 42 1085 60 526
internal_value=-1.30784e-10 -0.00278069 0.000112533 0.00102487 -0.000113583 0.00198861 -0.00887581 -0.00120194
internal_weight=17997 700 17297 4921 2256 2665 102 574
internal_count=17997 700 17297 4921 2256 2665 102 574
is_linear=0
shrinkage=0.0354478


Tree=2
num_leaves=9
num_cat=0
split_feature=5 7 2 2 7 5 0 0
split_gain=4.17961 6.80276 6.13892 4.23554 3.45449 4.57492 3.71251 3.36854
threshold=70.447449112540951 0.003841243022846236 34.262237972475553 53.044854639106241 0.0042782472315851449 67.402836791445864 21.043750460191173 19.989050271661558
decision_type=2 2 10 8 2 2 10 10
left_child=3 -2 -3 -1 5 -5 -6 -7
right_child=1 2 -4 4 6 7 -8 -9
leaf_value=-0.00022370554112722933 -0.01214577581925033 -0.011273776662842495 -0.00044204786885857422 0.00034714653837834066 0.0030648866364783988 -0.01650110469767405 0.00023072503107554707 -0.0019755218338751287
leaf_weight=12296 81 72 757 2272 1482 35 955 47
leaf_count=12296 81 72 757 2272 1482 35 955 47
internal_value=-1.03899e-11 -0.00234082 -0.0013828 0.000124665 0.00101875 5.02671e-05 0.00195425 -0.00817547
internal_weight=17997 910 829 17087 4791 2354 2437 82
internal_count=17997 910 829 17087 4791 2354 2437 82
is_linear=0
shrinkage=0.0354478


Tree=3
num_leaves=9
num_cat=0
split_feature=5 7 2 7 5 0 0 2
split_gain=3.93272 5.65974 3.95604 3.74555 5.64042 4.17702 3.56968 3.29565
threshold=71.969488277318689 0.0049744087960586162 53.044854639106241 0.0041232127521527709 67.402836791445864 20.903546068863836 28.138414236169094 34.262237972475553
decision_type=2 2 8 2 2 8 10 10
left_child=2 -2 -1 4 -4 -5 -6 -3
right_child=1 7 3 5 6 -7 -8 -9
leaf_value=-0.00023262758843114616 -0.0095425884970385833 -0.010034718889390535 0.00027835366607269609 0.003018304218229558 -0.0133622851320295 0.00016184936345913569 0.00035352476474969085 -0.00033487941322199368
leaf_weight=12376 122 48 2154 1580 64 1085 38 530
leaf_count=12376 122 48 2154 1580 64 1085 38 530
internal_value=7.14967e-11 -0.00260478 0.000105414 0.000955568 -0.000107349 0.00185536 -0.00825247 -0.0011404
internal_weight=17997 700 17297 4921 2256 2665 102 578
internal_count=17997 700 17297 4921 2256 2665 102 578
is_linear=0
shrinkage=0.0354478


Tree=4
num_leaves=9
num_cat=0
split_feature=5 7 2 7 2 8 8 8
split_gain=3.65885 5.2735 3.68055 3.62627 3.08889 2.34834 2.19708 2.04075
threshold=71.969488277318689 0.0050148310321932992 53.044854639106241 0.012466436264828394 34.262237972475553 0.74805731317353741 0.83576487359482721 0.08856948690850848
decision_type=2 2 8 2 8 2 2 2
left_child=2 -2 -1 5 -3 7 -6 -4
right_child=1 4 3 -5 6 -7 -8 -9
leaf_value=-0.00022438156987544838 -0.009079340422451905 -0.0096790116483274312 -0.0012993528536905472 0.0045888583404036874 -0.0011304918748555161 -0.0011963568954523312 0.0059252747831811574 0.0012980084975719489
leaf_weight=12376 126 48 427 317 463 716 63 3461
leaf_count=12376 126 48 427 317 463 716 63 3461
internal_value=-4.94255e-11 -0.00251245 0.000101677 0.000921695 -0.00107094 0.000669199 -0.00028541 0.00101275
internal_weight=17997 700 17297 4921 574 4604 526 3888
internal_count=17997 700 17297 4921 574 4604 526 3888
is_linear=0
shrinkage=0.0354478


Tree=5
num_leaves=9
num_cat=0
split_feature=5 2 0 2 8 4 0 5
split_gain=3.43304 5.63245 3.51916 3.4095 2.44024 1.72928 2.12007 1.71688
threshold=70.447449112540951 34.262237972475553 32.560094111339829 53.044854639106241 0.74805731317353741 1.0514767723179831e-08 9.7159760582591463 25.5851085469411
decision_type=2 10 10 8 2 10 10 2
left_child=3 -2 -3 5 -5 6 -1 -7
right_child=1 2 -4 4 -6 7 -8 -9
leaf_value=-0.0090426517279835143 -0.011229652072774777 -0.0033712002203036225 0.0012589580930654932 0.0012603548565088059 -0.00093888215436562785 -0.0034247762922533218 -0.0013030618516256174 -2.6766326684925525e-05
leaf_weight=47 78 454 378 4039 752 190 827 11232
leaf_count=47 78 454 378 4039 752 190 827 11232
internal_value=-7.64862e-11 -0.00212149 -0.00126759 0.000112984 0.00091516 -0.000199576 -0.00171926 -8.32907e-05
internal_weight=17997 910 832 17087 4791 12296 874 11422
internal_count=17997 910 832 17087 4791 12296 874 11422
is_linear=0
shrinkage=0.0354478


Tree=6
num_leaves=9
num_cat=0
split_feature=5 7 2 7 5 2 7 0
split_gain=3.21436 4.89792 3.19817 3.45728 2.95955 2.64938 2.50981 3.71673
threshold=71.969488277318689 0.0050148310321932992 53.044854639106241 0.0085274214080242761 66.549836382468285 34.262237972475553 0.0042782472315851449 16.321002190131015
decision_type=2 2 8 2 2 10 2 10
left_child=2 -2 -1 4 -4 -3 7 -6
right_child=1 5 3 -5 6 -7 -8 -9
leaf_value=-0.00020864044572478744 -0.008683624648203039 -0.0089378454992326273 0.00078180726261385322 0.003129243888310004 -0.014059710520507232 -0.00023816725719010004 -0.00031614104087193559 -0.0021230020629063187
leaf_weight=12376 126 48 3787 720 49 526 266 99
leaf_count=12376 126 48 3787 720 49 526 266 99
internal_value=-1.42641e-11 -0.0023549 9.53014e-05 0.000859696 0.000470723 -0.000965666 -0.00237487 -0.00607502
internal_weight=17997 700 17297 4921 4201 574 414 148
internal_count=17997 700 17297 4921 4201 574 414 148
is_linear=0
shrinkage=0.0354478


Tree=7
num_leaves=9
num_cat=0
split_feature=4 7 5 2 8 6 0 8
split_gain=3.01896 3.30662 7.7125 4.41305 3.06783 2.70353 3.51365 2.78854
threshold=0.0059243955909797372 0.0040476639673261454 68.043816246278396 -54.207918175616925 0.56254496316146019 0.84042298126045278 15.909638711332869 0.6994804681776754
decision_type=8 2 2 8 2 2 10 2
left_child=-1 2 -2 5 -4 -3 7 -7
right_child=1 3 4 -5 -6 6 -8 -9
leaf_value=-0.0016640758220803811 -0.000305979674738849 0.0037967687288021162 -0.012621754912480184 0.00082720195914356878 -0.0023991606344751113 -0.003276921707237528 -0.00062732531161822837 -0.011380288031670523
leaf_weight=1273 6420 120 89 8720 63 298 949 65
leaf_count=1273 6420 120 89 8720 63 298 949 65
internal_value=-6.22808e-11 0.000126666 -0.000492829 0.000527703 -0.00838476 -0.00129606 -0.00176187 -0.00472794
internal_weight=17997 16724 6572 10152 152 1432 1312 363
internal_count=17997 16724 6572 10152 152 1432 1312 363
is_linear=0
shrinkage=0.0354478


Tree=8
num_leaves=9
num_cat=0
split_feature=5 2 2 0 1 8 8 5
split_gain=2.95539 3.12259 2.92493 2.24469 2.07796 1.98278 1.98105 1.57022
threshold=71.969488277318689 36.626272197064495 53.044854639106241 32.560094111339829 26.801712565440919 0.57278497472321288 0.74805731317353741 79.844438195619787
decision_type=2 10 8 10 10 2 2 2
left_child=2 5 -1 -3 7 -2 -4 -5
right_child=1 3 6 4 -6 -7 -8 -9
leaf_value=-0.00019928630509435081 -0.012425586677533199 -0.0034861313513072038 0.0011298936773883996 0.0041330120440934192 -0.0049218920129431793 -0.0012865233795412926 -0.00082263437874688578 -0.0022020666179734987
leaf_weight=12376 57 309 4146 171 63 31 775 69
leaf_count=12376 57 309 4146 171 63 31 775 69
internal_value=-9.75595e-11 -0.00225805 9.13818e-05 -0.00136028 0.000807668 -0.0085016 0.000822393 0.00231168
internal_weight=17997 700 17297 612 303 88 4921 240
internal_count=17997 700 17297 612 303 88 4921 240
is_linear=0
shrinkage=0.0354478


Tree=9
num_leaves=9
num_cat=0
split_feature=4 7 2 6 0 8 2 0
split_gain=2.76413 3.1125 4.07882 2.51526 3.26897 2.59435 2.45244 2.43632
threshold=0.0059243955909797372 0.0040476639673261454 -54.207918175616925 0.84042298126045278 15.909638711332869 0.6994804681776754 -57.404018300917308 14.451755875783022
decision_type=8 2 8 2 10 2 10 8
left_child=-1 -2 3 -3 5 6 7 -5
right_child=1 2 -4 4 -6 -7 -8 -9
leaf_value=-0.0015922956290353319 -0.00047983286390655661 0.0036692460048923813 0.00079822366066968685 -0.00048023338273756581 -0.00059802356338607265 -0.010969818187439412 -0.011440699541976128 -0.01019691878655034
leaf_weight=1273 6572 120 8720 221 949 65 39 38
leaf_count=1273 6572 120 8720 221 949 65 39 38
internal_value=8.92828e-11 0.000121203 0.000510289 -0.00124306 -0.00169235 -0.00455328 -0.0031537 -0.00190585
internal_weight=17997 16724 10152 1432 1312 363 298 259
internal_count=17997 16724 10152 1432 1312 363 298 259
is_linear=0
shrinkage=0.0354478


Tree=10
num_leaves=9
num_cat=0
split_feature=4 7 2 8 6 0 1 6
split_gain=2.57164 2.89575 3.80243 2.34646 2.25584 2.72119 2.28381 2.1076
threshold=0.0059243955909797372 0.0040476639673261454 -50.7205424812351 0.85638940815552222 0.84042298126045278 15.909638711332869 -10.469534649815239 1.3022343036383832
decision_type=8 2 8 2 2 10 10 2
left_child=3 7 4 -1 -3 -6 -7 -2
right_child=1 2 -4 -5 5 6 -8 -9
leaf_value=-0.0020402638459327059 -0.00041191399645174368 0.0035268003789212356 0.00079343686405747359 0.0030558942532967694 -0.0039462546093303828 0.0033466373211328737 -0.0012058810551142289 -0.0083781004671999466
leaf_weight=1147 6530 124 8511 126 402 162 953 42
leaf_count=1147 6530 124 8511 126 402 162 953 42
internal_value=1.1517e-10 0.000116906 0.000492201 -0.00153585 -0.00107015 -0.00144591 -0.000544439 -0.000462824
internal_weight=17997 16724 10152 1273 1641 1517 1115 6572
internal_count=17997 16724 10152 1273 1641 1517 1115 6572
is_linear=0
shrinkage=0.0354478


Tree=11
num_leaves=9
num_cat=0
split_feature=5 2 0 2 1 4 0 8
split_gain=2.84455 4.82854 3.17515 2.63891 2.40395 4.42242 2.21773 1.73512
threshold=70.447449112540951 34.262237972475553 32.560094111339829 70.021857038285646 -4.0127445602674792 0.99998906642045493 17.043777171431973 0.74805731317353741
decision_type=2 10 10 8 8 10 10 2
left_child=3 -2 -3 -1 5 -5 -7 -6
right_child=1 2 -4 4 7 6 -8 -9
leaf_value=-7.3501588930710175e-05 -0.010364276222129317 -0.0031386497267475279 0.0012593852158958897 0.00063527666045799975 0.0023244930587714829 -0.0032552623783345044 -0.014067221126410229 -0.00063242988050389896
leaf_weight=14727 78 454 378 460 1502 59 40 299
leaf_count=14727 78 454 378 460 1502 59 40 299
internal_value=-4.6197e-11 -0.00193111 -0.0011405 0.000102845 0.00120329 -0.00082741 -0.00762373 0.00183359
internal_weight=17997 910 832 17087 2360 559 99 1801
internal_count=17997 910 832 17087 2360 559 99 1801
is_linear=0
shrinkage=0.0354478


Tree=12
num_leaves=9
num_cat=0
split_feature=5 7 2 2 7 8 8 4
split_gain=2.64646 5.14694 4.13387 2.46413 3.10909 2.45149 2.10584 1.76309
threshold=70.447449112540951 0.003841243022846236 34.262237972475553 55.285997931694645 0.012466436264828394 0.62903225706807653 0.90332629765849604 0.52158723429826881
decision_type=2 2 10 8 2 2 2 8
left_child=3 5 -3 -1 7 -2 -4 -5
right_child=1 2 6 4 -6 -7 -8 -9
leaf_value=-0.00015690109392036544 -0.015120987261131954 -0.0091458998665466078 -0.00076512519030396417 -0.0020665501886951059 0.0044045818712335639 -0.0023507086717719262 0.0066267207829756288 0.00076515337636355889
leaf_weight=12546 51 72 705 297 283 30 52 3961
leaf_count=12546 51 72 705 297 283 30 52 3961
internal_value=1.38004e-10 -0.00186266 -0.00102935 9.91995e-05 0.000806761 -0.0103913 -0.000257363 0.000567639
internal_weight=17997 910 829 17087 4541 81 757 4258
internal_count=17997 910 829 17087 4541 81 757 4258
is_linear=0
shrinkage=0.0354478


Tree=13
num_leaves=9
num_cat=0
split_feature=5 7 2 7 5 2 7 0
split_gain=2.49504 4.21036 2.32589 2.92582 2.61141 2.21356 2.08989 3.42444
threshold=71.969488277318689 0.0032573727335265751 53.044854639106241 0.0085274214080242761 66.549836382468285 34.262237972475553 0.0042782472315851449 16.321002190131015
decision_type=2 2 8 2 2 10 2 10
left_child=2 -2 -1 4 -4 -3 7 -6
right_child=1 5 3 -5 6 -7 -8 -9
leaf_value=-0.00017523603858319773 -0.014635402651186414 -0.0083537454163824642 0.00067021973337805642 0.0028236686519885119 -0.01333573259063074 -0.00086789009577444953 -0.0004163608532517292 -0.001878002885101757
leaf_weight=12376 32 54 3787 720 49 614 266 99
leaf_count=12376 32 54 3787 720 49 614 266 99
internal_value=-1.37769e-10 -0.00207474 8.39635e-05 0.000735834 0.000378005 -0.00147303 -0.00229499 -0.00567144
internal_weight=17997 700 17297 4921 4201 668 414 148
internal_count=17997 700 17297 4921 4201 668 414 148
is_linear=0
shrinkage=0.0354478


Tree=14
num_leaves=9
num_cat=0
split_feature=5 2 2 0 1 8 8 5
split_gain=2.32129 2.42606 2.16392 1.95835 1.8935 1.80805 1.77203 1.47238
threshold=71.969488277318689 36.626272197064495 53.044854639106241 32.560094111339829 26.801712565440919 0.57278497472321288 0.74805731317353741 79.844438195619787
decision_type=2 10 8 10 10 2 2 2
left_child=2 5 -1 -3 7 -2 -4 -5
right_child=1 3 6 4 -6 -7 -8 -9
leaf_value=-0.00016902426298541392 -0.011251621552103394 -0.0031955088160212737 0.0010005766041151659 0.0040144716675417297 -0.0046542617254188481 -0.00061468085163438209 -0.00084607708976631817 -0.0021200678008992798
leaf_weight=12376 57 309 4146 171 63 31 775 69
leaf_count=12376 57 309 4146 171 63 31 775 69
internal_value=-9.40962e-11 -0.0020012 8.09873e-05 -0.00120987 0.000815087 -0.00750452 0.00070975 0.00225079
internal_weight=17997 700 17297 612 303 88 4921 240
internal_count=17997 700 17297 612 303 88 4921 240
is_linear=0
shrinkage=0.0354478


Tree=15
num_leaves=9
num_cat=0
split_feature=7 6 2 5 7 2 2 0
split_gain=2.30949 4.00981 2.70839 2.39957 4.27188 2.27476 2.22774 2.03082
threshold=0.01646481793216523 0.95446355982072228 -62.576642227225797 70.447449112540951 0.003841243022846236 36.626272197064495 67.372673883535668 32.560094111339829
decision_type=2 2 10 2 2 10 8 10
left_child=3 -2 -3 6 -5 -6 -1 -7
right_child=1 2 -4 4 5 7 -8 -9
leaf_value=-0.00019673643185329315 0.0056418600869282331 -0.0077308935559436669 0.00092824596043495256 -0.009718533638250303 -0.0065010567081875128 -0.0022107093654362554 0.00091981855848584956 0.0018406539892492294
leaf_weight=13383 238 48 834 81 87 345 2698 283
leaf_count=13383 238 48 834 81 87 345 2698 283
internal_value=5.18909e-11 0.00155878 0.000457 -0.000103445 -0.00200324 -0.00112921 -9.40571e-06 -0.000385015
internal_weight=17997 1120 882 16877 796 715 16081 628
internal_count=17997 1120 882 16877 796 715 16081 628
is_linear=0
shrinkage=0.0354478


Tree=16
num_leaves=9
num_cat=0
split_feature=7 2 4 2 6 0 8 0
split_gain=2.26645 2.7434 2.55332 2.64084 2.53123 2.64617 2.47938 2.22909
threshold=0.0039757336109885579 -54.207918175616925 0.51028154258782288 -37.621505873040682 0.84042298126045278 15.909638711332869 0.6994804681776754 14.451755875783022
decision_type=2 8 10 8 2 10 2 10
left_child=-1 4 3 -3 -2 6 7 -6
right_child=1 2 -4 -5 5 -7 -8 -9
leaf_value=-0.00051379019237485842 0.0035507740532789681 0.0015423544285435989 0.0011456307668397409 -0.00041384020790999533 -0.0014295147242957551 -0.00061693940792887563 -0.010415990838049822 -0.0096951815251613213
leaf_weight=6745 134 1096 4496 4153 251 1008 65 49
leaf_count=6745 134 1096 4496 4153 251 1008 65 49
internal_value=2.52997e-11 0.000307991 0.000525654 -5.38349e-06 -0.00109952 -0.00155338 -0.00413948 -0.00277957
internal_weight=17997 11252 9745 5249 1507 1373 365 300
internal_count=17997 11252 9745 5249 1507 1373 365 300
is_linear=0
shrinkage=0.0354478


Tree=17
num_leaves=9
num_cat=0
split_feature=4 7 5 2 5 4 4 5
split_gain=2.22262 2.51422 6.11273 3.19141 2.37513 4.15095 3.0839 2.6385
threshold=0.0059243955909797372 0.0040476639673261454 68.043816246278396 -50.7205424812351 44.128246353975989 0.51695447996920485 0.97401207338771667 31.484614660081036
decision_type=8 2 2 8 2 8 8 2
left_child=-1 2 -2 -3 6 -6 7 -5
right_child=1 3 -4 4 5 -7 -8 -9
leaf_value=-0.0014278307088980752 -0.00026516090188696541 -0.00097294940295165314 -0.0074574296713065596 -0.00064057235188116663 -0.00059279684154674855 0.0011837750514199173 -0.0075832948805879688 0.0028451100037150939
leaf_weight=1273 6420 1641 152 342 2857 3920 42 1350
leaf_count=1273 6420 1641 152 342 2857 3920 42 1350
internal_value=6.87965e-11 0.000108684 -0.000431507 0.000458382 0.000734356 0.00043482 0.00190503 0.00214056
internal_weight=17997 16724 6572 10152 8511 6777 1734 1692
internal_count=17997 16724 6572 10152 8511 6777 1734 1692
is_linear=0
shrinkage=0.0354478


Tree=18
num_leaves=9
num_cat=0
split_feature=4 7 5 2 8 4 5 4
split_gain=2.06783 2.33913 5.68705 2.96916 2.61018 2.23022 2.20973 3.86188
threshold=0.0059243955909797372 0.0040476639673261454 68.043816246278396 -50.7205424812351 0.56254496316146019 0.49324641884536902 44.128246353975989 0.51695447996920485
decision_type=8 2 2 8 2 10 2 8
left_child=-1 2 -2 -3 5 -4 -5 -8
right_child=1 3 4 6 -6 -7 7 -9
leaf_value=-0.0013772173330119661 -0.00025576177677463698 -0.00093846068689002328 -0.0036121781869715049 0.0018375023222115387 -0.0016719609881676791 -0.015305701484948487 -0.0005717836745908275 0.0011418128555320962
leaf_weight=1273 6420 1641 32 1734 63 57 2857 3920
leaf_count=1273 6420 1641 32 1734 63 57 2857 3920
internal_value=-5.69978e-11 0.000104831 -0.000416211 0.000442133 -0.00719308 -0.0111013 0.000708324 0.000419407
internal_weight=17997 16724 6572 10152 152 89 8511 6777
internal_count=17997 16724 6572 10152 152 89 8511 6777
is_linear=0
shrinkage=0.0354478


Tree=19
num_leaves=9
num_cat=0
split_feature=7 6 2 5 7 2 0 6
split_gain=2.00676 3.65943 2.4288 2.1151 3.62492 2.58354 3.69121 2.09348
threshold=0.01646481793216523 0.95446355982072228 -62.576642227225797 70.447449112540951 0.0052651423433779784 75.447491570386077 28.30598486070571 1.1545153714719543
decision_type=2 2 10 2 2 10 10 2
left_child=3 -2 -3 -1 -5 6 7 -6
right_child=1 2 -4 4 5 -7 -8 -9
leaf_value=-8.1378041112576196e-06 0.0053536362953888004 -0.0073532854729041275 0.00084674610772542602 -0.0059820928990474871 -0.0033315578272977682 0.0064252781644280853 0.0013237580146530984 -0.013363678949924972
leaf_weight=16081 238 48 834 202 203 61 300 30
leaf_count=16081 238 48 834 202 203 61 300 30
internal_value=-2.1719e-12 0.00145303 0.000400486 -9.64267e-05 -0.00188006 -0.000485096 -0.00127596 -0.00462325
internal_weight=17997 1120 882 16877 796 594 533 233
internal_count=17997 1120 882 16877 796 594 533 233
is_linear=0
shrinkage=0.0354478


Tree=20
num_leaves=9
num_cat=0
split_feature=4 7 5 2 2 7 6 0
split_gain=1.91652 2.14955 5.11405 2.75348 2.18452 2.39142 1.99982 2.8239
threshold=0.0059243955909797372 0.0040476639673261454 68.043816246278396 -54.207918175616925 70.021857038285646 0.003841243022846236 0.84042298126045278 23.645388654294877
decision_type=8 2 2 8 8 2 2 10
left_child=-1 2 4 6 -2 -6 -3 -8
right_child=1 3 -4 -5 5 -7 7 -9
leaf_value=-0.001325870890048261 -0.00054292163674759804 0.0033638322739981174 -0.0068249658705020703 0.00066084126755598346 0.0016822232727569341 -0.0044431691103465109 -0.0030539912481187263 0.00023514056200044689
leaf_weight=1273 5325 120 152 8720 1008 87 659 653
leaf_count=1273 5325 120 152 8720 1008 87 659 653
internal_value=8.08887e-11 0.000100923 -0.000398559 0.000424267 -0.000246407 0.00119555 -0.00101632 -0.00141695
internal_weight=17997 16724 6572 10152 6420 1095 1432 1312
internal_count=17997 16724 6572 10152 6420 1095 1432 1312
is_linear=0
shrinkage=0.0354478


Tree=21
num_leaves=9
num_cat=0
split_feature=5 7 2 0 4 7 6 6
split_gain=1.83291 3.30873 2.09007 2.49821 2.06121 1.80102 3.12375 3.00536
threshold=71.969488277318689 0.0052651423433779784 76.192882621576629 27.921722490812716 5.1366821907095081e-09 0.01646481793216523 0.95446355982072228 1.0676794111914718
decision_type=2 2 10 10 10 2 2 2
left_child=5 -2 3 -3 -5 -1 -7 -8
right_child=1 2 -4 4 -6 6 7 -9
leaf_value=-1.8817596551837557e-05 -0.0065880948118526485 -0.0041383891224216424 0.0066938214719569249 -0.005448693098266108 0.0022582057035798629 0.0050912099659788448 -0.0029888140582479419 0.0018376227466151936
leaf_weight=16272 143 212 46 53 246 236 228 561
leaf_count=16272 143 212 46 53 246 236 228 561
internal_value=-1.0566e-12 -0.00177826 -0.00054342 -0.00119491 0.0008921 7.19652e-05 0.00151315 0.000442911
internal_weight=17997 700 557 511 299 17297 1025 789
internal_count=17997 700 557 511 299 17297 1025 789
is_linear=0
shrinkage=0.0354478


Tree=22
num_leaves=9
num_cat=0
split_feature=4 8 5 5 0 0 0 8
split_gain=1.75657 2.18298 2.28539 1.86263 3.68994 1.7978 2.26148 1.82664
threshold=0.0059243955909797372 0.85638940815552222 79.844438195619787 25.5851085469411 41.754349617037079 36.228193155284778 28.30598486070571 0.26641874888489786
decision_type=8 2 2 2 10 10 10 2
left_child=1 2 5 4 -2 6 -1 -7
right_child=3 -3 -4 -5 -6 7 -8 -9
leaf_value=-0.0019159084148254954 -0.0099166762019932287 0.0031595546577053253 -0.010422437509686787 0.00013475452049034153 0.00067633165308917656 0.0023637603292439805 -0.0085479456795622705 -0.0015529390399215094
leaf_weight=251 69 126 37 16552 103 203 87 569
leaf_count=251 69 126 37 16552 103 203 87 569
internal_value=-6.82682e-11 -0.00126934 -0.00175586 9.66197e-05 -0.00357319 -0.00146698 -0.00362297 -0.00052303
internal_weight=17997 1273 1147 16724 172 1110 338 772
internal_count=17997 1273 1147 16724 172 1110 338 772
is_linear=0
shrinkage=0.0354478


Tree=23
num_leaves=9
num_cat=0
split_feature=7 6 4 5 7 8 2 8
split_gain=1.74071 3.14202 2.4031 1.80248 3.09915 2.12809 1.99605 2.26115
threshold=0.01646481793216523 0.95446355982072228 0.35431793803326506 70.447449112540951 0.003841243022846236 0.62903225706807653 36.626272197064495 0.27762345027621954
decision_type=2 2 10 2 2 2 10 2
left_child=3 -2 -3 -1 5 -5 7 -6
right_child=1 2 -4 4 6 -7 -8 -9
leaf_value=-8.3039785509951798e-06 0.0049676325476343368 0.0017064184309389815 -0.0021991692936723798 -0.012714587938012624 -0.013158885681962855 -0.00081642255452024322 -0.0002947901732364739 -0.0014467630164111934
leaf_weight=16081 238 582 300 51 34 30 628 53
leaf_count=16081 238 582 300 51 34 30 628 53
internal_value=-2.43018e-11 0.00135329 0.000377987 -8.98075e-05 -0.00173636 -0.00830786 -0.0009919 -0.00602391
internal_weight=17997 1120 882 16877 796 81 715 87
internal_count=17997 1120 882 16877 796 81 715 87
is_linear=0
shrinkage=0.0354478


Tree=24
num_leaves=9
num_cat=0
split_feature=7 5 8 2 6 5 4 4
split_gain=1.6537 4.36563 2.74295 2.61943 2.54301 3.75443 3.29485 2.13008
threshold=0.0039757336109885579 68.043816246278396 0.56254496316146019 71.08525146047694 0.80428301563024196 45.169219931831478 0.89023868777370574 0.69494689521599662
decision_type=2 2 2 8 2 2 10 10
left_child=1 3 -3 4 5 -1 -7 -6
right_child=-2 2 -4 -5 7 6 -8 -9
leaf_value=0.0035971281583506991 0.00026308343330910941 -0.010005698554879679 -0.00081620693265049078 0.0013944350779267407 -0.0010231884080023803 -0.00026680399898663243 -0.0092503106013258011 0.00041410208528721009
leaf_weight=66 11252 96 71 981 3062 80 143 2246
leaf_count=66 11252 96 71 981 3062 80 143 2246
internal_value=-2.7589e-12 -0.000438875 -0.00609879 -0.000295184 -0.000591327 -0.00382951 -0.00602753 -0.000415021
internal_weight=17997 6745 167 6578 5597 289 223 5308
internal_count=17997 6745 167 6578 5597 289 223 5308
is_linear=0
shrinkage=0.0354478


Tree=25
num_leaves=9
num_cat=0
split_feature=4 7 5 2 6 5 4 4
split_gain=1.61434 1.84141 4.13753 2.53755 2.0187 2.01169 3.48905 2.85616
threshold=0.0059243955909797372 0.0040476639673261454 68.043816246278396 -50.7205424812351 1.0787172407674599 44.128246353975989 0.51695447996920485 0.97401207338771667
decision_type=8 2 2 8 2 2 8 8
left_child=-1 2 -2 4 -3 7 -7 -5
right_child=1 3 -4 5 -6 6 -8 -9
leaf_value=-0.0012168652842318283 -0.00023281479708891142 -0.00032778859593581917 -0.0061500467535194675 0.0019420346599788685 -0.0036614365768657692 -0.00057981530306556095 0.0010489657206126453 -0.0074158973164262666
leaf_weight=1273 6420 1367 152 1692 274 2857 3920 42
leaf_count=1273 6420 1367 152 1692 274 2857 3920 42
internal_value=9.97901e-13 9.26255e-05 -0.000369671 0.000391898 -0.000884412 0.000637982 0.000362316 0.00171537
internal_weight=17997 16724 6572 10152 1641 8511 6777 1734
internal_count=17997 16724 6572 10152 1641 8511 6777 1734
is_linear=0
shrinkage=0.0354478


Tree=26
num_leaves=9
num_cat=0
split_feature=7 6 2 0 1 5 6 2
split_gain=1.54844 2.90687 2.11308 1.70541 1.64645 2.00941 1.96931 1.82933
threshold=0.01646481793216523 0.95446355982072228 -62.576642227225797 12.066938449770957 -1.6313833665167718 76.37010617486338 1.2321996530593415 69.705271022899197
decision_type=2 2 10 10 8 2 2 8
left_child=4 -2 -3 -4 5 -1 -7 -6
right_child=1 2 3 -5 7 6 -8 -9
leaf_value=-0.00039992705540600585 0.0047528298341288355 -0.0068939982792535033 -0.0069042687836284962 0.0010900071753809026 3.532499001212544e-06 -0.0013877310744385397 -0.011842729150004618 0.0013116155509690537
leaf_weight=7696 238 48 35 799 7448 56 38 1639
leaf_count=7696 238 48 35 799 7448 56 38 1639
internal_value=3.24024e-11 0.00127636 0.00033827 0.000754516 -8.47027e-05 -0.000462847 -0.00561422 0.000239468
internal_weight=17997 1120 882 834 16877 7790 94 9087
internal_count=17997 1120 882 834 16877 7790 94 9087
is_linear=0
shrinkage=0.0354478


Tree=27
num_leaves=9
num_cat=0
split_feature=4 8 5 5 7 4 1 6
split_gain=1.48417 2.01832 2.06175 1.79617 2.28325 1.51171 1.60922 1.72941
threshold=0.0059243955909797372 0.85638940815552222 79.844438195619787 25.5851085469411 0.017652270169446097 0.011158285039211237 -1.6313833665167718 0.80428301563024196
decision_type=8 2 2 2 2 8 8 2
left_child=1 2 -1 -2 5 -5 -7 -8
right_child=3 -3 -4 4 -6 6 7 -9
leaf_value=-0.0013601999394233513 -0.0035149237221803026 0.003091815591037962 -0.0098662224246451879 0.0039140476411871072 0.0019521868073750579 -0.00038026236988972955 -0.0016841062425161295 0.00047097233925927058
leaf_weight=1110 172 126 37 125 818 7371 498 7740
leaf_count=1110 172 126 37 125 818 7371 498 7740
internal_value=8.63478e-11 -0.00116677 -0.00163459 8.88128e-05 0.000126261 3.13323e-05 2.38777e-07 0.000340694
internal_weight=17997 1273 1147 16724 16552 15734 15609 8238
internal_count=17997 1273 1147 16724 16552 15734 15609 8238
is_linear=0
shrinkage=0.0354478


Tree=28
num_leaves=9
num_cat=0
split_feature=5 7 2 0 4 2 6 8
split_gain=1.4574 2.81754 1.86207 2.37083 1.78894 2.84069 1.62868 1.48051
threshold=71.969488277318689 0.0052651423433779784 76.192882621576629 27.921722490812716 0.034010226207069456 49.324080924869882 1.1727623403625469 0.34078724637443475
decision_type=2 2 10 10 10 10 2 2
left_child=-1 7 3 -3 5 6 -5 -2
right_child=1 2 -4 4 -6 -7 -8 -9
leaf_value=6.4171515598578527e-05 -0.011617386983681232 -0.0039285611220053604 0.0063849292447179518 0.0067634739365107222 0.0032326519519037724 -0.011813081590047561 -0.0029841726538015283 -0.0036982566956431243
leaf_weight=17297 42 212 46 35 178 30 56 101
leaf_count=17297 42 212 46 35 178 30 56 101
internal_value=-9.33331e-12 -0.00158568 -0.000446177 -0.00106111 0.000971998 -0.00235359 0.000764922 -0.00602416
internal_weight=17997 700 557 511 299 121 91 143
internal_count=17997 700 557 511 299 121 91 143
is_linear=0
shrinkage=0.0354478


Tree=29
num_leaves=9
num_cat=0
split_feature=7 5 8 2 6 5 4 4
split_gain=1.41866 3.67791 2.49405 2.34874 2.30445 3.49579 3.06735 1.95971
threshold=0.0039757336109885579 68.043816246278396 0.56254496316146019 71.08525146047694 0.80428301563024196 45.169219931831478 0.89023868777370574 0.69494689521599662
decision_type=2 2 2 8 2 2 10 10
left_child=1 3 -3 4 5 -1 -7 -6
right_child=-2 2 -4 -5 7 6 -8 -9
leaf_value=0.0035286793506809099 0.00024367093370913941 -0.009326936859805398 -0.00056430248637714508 0.0013253316896866781 -0.00097053349434952257 -0.00020025523673563824 -0.0088680757857240826 0.00040808182059605142
leaf_weight=66 11252 96 71 981 3062 80 143 2246
leaf_count=66 11252 96 71 981 3062 80 143 2246
internal_value=6.04611e-12 -0.000406492 -0.00560151 -0.000274602 -0.000555027 -0.00363759 -0.00575854 -0.000387193
internal_weight=17997 6745 167 6578 5597 289 223 5308
internal_count=17997 6745 167 6578 5597 289 223 5308
is_linear=0
shrinkage=0.0354478


Tree=30
num_leaves=9
num_cat=0
split_feature=4 8 5 5 0 7 0 0
split_gain=1.34422 1.86943 1.84528 1.68069 3.42043 2.10595 1.66444 2.08825
threshold=0.0059243955909797372 0.85638940815552222 79.844438195619787 25.5851085469411 41.754349617037079 0.017652270169446097 36.228193155284778 28.30598486070571
decision_type=8 2 2 2 10 2 10 10
left_child=1 2 6 4 -2 -5 7 -1
right_child=3 -3 -4 5 -6 -7 -8 -9
leaf_value=-0.0017351563227710268 -0.0095088834927053792 0.0029881065407573143 -0.0093481450085571554 2.9577757080148442e-05 0.0006899366372191488 0.0018743449616712268 -0.00039278422880700028 -0.0081081308040870607
leaf_weight=251 69 126 37 15734 103 818 772 87
leaf_count=251 69 126 37 15734 103 818 772 87
internal_value=7.68971e-12 -0.0011104 -0.00156063 8.45217e-05 -0.00340145 0.000120746 -0.00130105 -0.00337554
internal_weight=17997 1273 1147 16724 172 16552 1110 338
internal_count=17997 1273 1147 16724 172 16552 1110 338
is_linear=0
shrinkage=0.0354478


Tree=31
num_leaves=9
num_cat=0
split_feature=5 7 8 2 2 2 7 0
split_gain=1.31409 2.58893 1.65965 1.49648 2.09175 1.37382 2.52534 4.10645
threshold=71.969488277318689 0.0032573727335265751 0.90332629765849604 36.626272197064495 42.028987311173125 48.776503478795469 0.0041232127521527709 20.903546068863836
decision_type=2 2 2 10 10 8 2 8
left_child=5 -2 3 -3 -5 -1 -7 -8
right_child=1 2 -4 4 -6 6 7 -9
leaf_value=-0.00015296241447219133 -0.011355163081273054 -0.0061112019996193145 0.0053886564150628403 0.0040429065563365807 -0.0018476098419950003 -0.00031570328273162253 0.0023552074134103309 -0.00030211188621127167
leaf_weight=11860 32 78 47 91 452 2451 1710 1276
leaf_count=11860 32 78 47 91 452 2451 1710 1276
internal_value=-1.92536e-11 -0.0015057 -0.00103387 -0.00151995 -0.000860433 6.09347e-05 0.000527519 0.00121966
internal_weight=17997 700 668 621 543 17297 5437 2986
internal_count=17997 700 668 621 543 17297 5437 2986
is_linear=0
shrinkage=0.0354478


Tree=32
num_leaves=9
num_cat=0
split_feature=7 6 4 6 0 6 2 4
split_gain=1.26078 2.57652 2.23131 1.62592 2.28747 1.34607 1.24558 1.31502
threshold=0.01646481793216523 0.95446355982072228 0.35431793803326506 1.3617092573010734 17.043777171431973 1.6823257778660496 60.335775010703543 0.82242619404961104
decision_type=2 2 10 2 10 2 10 10
left_child=5 6 3 4 -3 -1 -2 -8
right_child=1 2 -4 -5 -6 -7 7 -9
leaf_value=-6.119527942298269e-05 0.0070991955731661144 -0.0051734846824879679 -0.0022148000187800841 -0.0011320898692977887 0.0037733857911329115 -0.0066543412066070139 -0.0036317403533496924 0.0043464607037725931
leaf_weight=16838 114 40 300 191 351 39 37 87
leaf_count=16838 114 40 300 191 351 39 37 87
internal_value=2.31278e-11 0.00115172 0.000268537 0.00154861 0.0028581 -7.6431e-05 0.00442469 0.00196587
internal_weight=17997 1120 882 582 391 16877 238 124
internal_count=17997 1120 882 582 391 16877 238 124
is_linear=0
shrinkage=0.0354478


Tree=33
num_leaves=9
num_cat=0
split_feature=1 7 4 4 4 1 5 5
split_gain=1.29844 2.61425 2.34425 2.0093 1.78607 1.69684 3.13925 2.22235
threshold=-4.613870338897395 0.001201246000544807 7.3063435857001488e-09 0.98774805040225788 0.94164228342202771 -11.708510799085118 32.93353199257178 71.969488277318689
decision_type=8 2 10 10 10 10 2 2
left_child=1 -1 -3 4 5 -4 -7 -8
right_child=-2 2 3 -5 -6 6 7 -9
leaf_value=-0.010067003238040287 0.00022345730849212769 -0.0039648195313409093 0.0004037743755125595 -0.0028977880239449932 0.0025210293892991148 -0.0069761131383008846 -0.00041003458745442846 -0.0059318126411791131
leaf_weight=35 11605 218 2744 334 316 101 2549 95
leaf_count=35 11605 218 2744 334 316 101 2549 95
internal_value=-2.91152e-11 -0.000405698 -0.000352506 -0.00022423 -7.04023e-05 -0.00021959 -0.000842728 -0.000608434
internal_weight=17997 6392 6357 6139 5805 5489 2745 2644
internal_count=17997 6392 6357 6139 5805 5489 2745 2644
is_linear=0
shrinkage=0.0354478


Tree=34
num_leaves=9
num_cat=0
split_feature=1 7 7 1 0 7 5 0
split_gain=1.25193 1.93584 2.41873 1.69086 3.78505 1.90157 1.64477 1.61394
threshold=-28.58368880582384 0.011079571439467204 0.0073653494148074395 -4.613870338897395 2.5038665725507427 0.001201246000544807 30.989384191933414 8.7284003837673954
decision_type=10 2 2 10 10 2 2 10
left_child=1 2 -1 4 -2 -6 -3 -7
right_child=3 6 -4 -5 5 7 -8 -9
leaf_value=0.0022068185993886994 -0.010148905813388417 -0.0010473115337761823 -0.0045103739790327939 0.00020152810038263523 -0.0089358104818698294 0.0011819610623080802 0.0087369267386554466 -0.00062041987937153987
leaf_weight=277 51 30 89 11560 33 710 77 5170
leaf_count=277 51 30 89 11560 33 710 77 5170
internal_value=-2.4067e-12 0.00179955 0.000573403 -4.85728e-05 -0.000533342 -0.000450408 0.00599368 -0.000402785
internal_weight=17997 473 366 17524 5964 5913 107 5880
internal_count=17997 473 366 17524 5964 5913 107 5880
is_linear=0
shrinkage=0.0354478


Tree=35
num_leaves=9
num_cat=0
split_feature=7 5 8 2 6 2 6 5
split_gain=1.24801 3.29178 2.29119 2.17576 2.13226 3.27659 2.22617 1.95626
threshold=0.0039757336109885579 68.043816246278396 0.56254496316146019 71.08525146047694 0.80428301563024196 -63.292087355795637 0.75834085713844301 58.561406266984662
decision_type=2 2 2 8 2 10 2 2
left_child=1 3 -3 4 5 -1 -7 -5
right_child=-2 2 -4 7 -6 6 -8 -9
leaf_value=0.0049658889930523087 0.00022854596887930258 -0.0088667278139877344 -0.00046801132437615902 0.002496591335955005 -0.00036494586884845795 0.00055061979230151424 -0.0072028493038824755 -0.00078201101381081099
leaf_weight=48 11252 96 71 618 5308 63 178 363
leaf_count=48 11252 96 71 618 5308 63 178 363
internal_value=-6.33961e-12 -0.00038126 -0.00529602 -0.000256486 -0.000526387 -0.00349154 -0.00517601 0.00128341
internal_weight=17997 6745 167 6578 5597 289 241 981
internal_count=17997 6745 167 6578 5597 289 241 981
is_linear=0
shrinkage=0.0354478


Tree=36
num_leaves=9
num_cat=0
split_feature=4 0 8 5 5 0 8 8
split_gain=1.18813 1.74284 1.63943 1.80345 1.5447 3.17085 1.48354 1.68244
threshold=0.0059243955909797372 9.7159760582591463 0.85638940815552222 79.844438195619787 25.5851085469411 41.754349617037079 0.36578994241709811 0.55628397652780592
decision_type=8 10 2 2 2 10 2 2
left_child=1 -1 3 6 5 -2 -3 -8
right_child=4 2 -4 -5 -6 -7 7 -9
leaf_value=-0.0073995921631446089 -0.0091428947134458323 0.00076322898522757446 0.0030728913436262446 -0.0089046883398610985 0.00011419093814940299 0.00067679645973027828 -0.0042593430736346085 -0.00057268899096253503
leaf_weight=52 69 399 125 37 16552 103 251 409
leaf_count=52 69 399 125 37 16552 103 251 409
internal_value=7.34338e-11 -0.00104394 -0.000773267 -0.00121193 7.9463e-05 -0.0032625 -0.000943151 -0.00197473
internal_weight=17997 1273 1221 1096 16724 172 1059 660
internal_count=17997 1273 1221 1096 16724 172 1059 660
is_linear=0
shrinkage=0.0354478


Tree=37
num_leaves=9
num_cat=0
split_feature=7 6 0 7 2 0 6 7
split_gain=1.18726 2.35837 1.93548 3.89543 3.30357 1.65786 1.54573 1.44088
threshold=0.01646481793216523 0.95446355982072228 37.123528441385005 0.036352856987684458 -52.26744264582495 12.066938449770957 1.4672224710574895 0.030132645870955554
decision_type=2 2 10 2 10 10 2 2
left_child=-1 -2 4 6 -3 -6 -4 -7
right_child=1 2 3 -5 5 7 -8 -9
leaf_value=-7.4169183757519971e-05 0.0042489838182151627 -0.0092158425631322181 0.0051375333321590482 -0.006151550415152052 -0.0077802625654791102 -0.00082323255137686465 -0.0017640023630379842 0.0036452747124425572
leaf_weight=16877 238 56 243 57 33 317 49 127
leaf_count=16877 238 56 243 57 33 317 49 127
internal_value=1.47924e-11 0.00111764 0.000272671 0.00232477 -0.00107101 -0.000114808 0.0039794 0.000454922
internal_weight=17997 1120 882 349 533 477 292 444
internal_count=17997 1120 882 349 533 477 292 444
is_linear=0
shrinkage=0.0354478


Tree=38
num_leaves=9
num_cat=0
split_feature=1 7 7 1 0 7 5 6
split_gain=1.16819 1.80694 2.25444 1.5644 3.47882 1.75774 1.55723 1.63043
threshold=-28.58368880582384 0.011079571439467204 0.0073653494148074395 -4.613870338897395 2.5038665725507427 0.001201246000544807 70.447449112540951 1.2577639050231892
decision_type=10 2 2 10 10 2 2 2
left_child=1 2 -1 4 -2 -6 -7 -8
right_child=3 -3 -4 -5 5 6 7 -9
leaf_value=0.0021306653618433729 -0.0097315919278812731 0.0057904132413332133 -0.0043543874108167013 0.0001936464365433242 -0.0085918996604209298 -0.00025439150101806717 -0.0016098128993939447 -0.0082737459026387544
leaf_weight=277 51 107 89 11560 33 5581 242 57
leaf_count=277 51 107 89 11560 33 5581 242 57
internal_value=-1.29727e-11 0.00173833 0.000553699 -4.69201e-05 -0.000513209 -0.0004337 -0.000387914 -0.00288019
internal_weight=17997 473 366 17524 5964 5913 5880 299
internal_count=17997 473 366 17524 5964 5913 5880 299
is_linear=0
shrinkage=0.0354478


Tree=39
num_leaves=9
num_cat=0
split_feature=7 5 8 2 6 5 4 7
split_gain=1.15413 3.04573 2.12767 2.00812 1.97513 3.1306 2.86376 1.89367
threshold=0.0039757336109885579 68.043816246278396 0.5177051415026086 71.08525146047694 0.80428301563024196 45.169219931831478 0.89023868777370574 0.0029408477969504088
decision_type=2 2 2 8 2 2 10 2
left_child=1 3 -3 4 5 -1 -7 -8
right_child=-2 2 -4 -5 -6 6 7 -9
leaf_value=0.0034218996057550949 0.00021978154776981204 -0.0088851524693407298 -0.0008712515178601317 0.0012327626304966558 -0.00035053481379039239 3.8155046436781093e-06 -0.010869385907682138 -0.0017101335831645748
leaf_weight=66 11252 88 79 981 5308 80 104 39
leaf_count=66 11252 88 79 981 5308 80 104 39
internal_value=1.70817e-11 -0.000366639 -0.00509415 -0.000246619 -0.000505914 -0.00335973 -0.00536684 -0.00837141
internal_weight=17997 6745 167 6578 5597 289 223 143
internal_count=17997 6745 167 6578 5597 289 223 143
is_linear=0
shrinkage=0.0354478


Tree=40
num_leaves=9
num_cat=0
split_feature=4 0 8 5 5 0 7 4
split_gain=1.10735 1.608 1.51356 1.64929 1.45189 2.91715 1.72073 1.44488
threshold=0.0059243955909797372 9.7159760582591463 0.85638940815552222 79.844438195619787 25.5851085469411 41.754349617037079 0.017652270169446097 0.011158285039211237
decision_type=8 10 2 2 2 10 2 8
left_child=1 -1 3 -3 5 -2 7 -6
right_child=4 2 -4 -5 6 -7 -8 -9
leaf_value=-0.0071126540154777566 -0.0088035501757455798 -0.00091228749467228449 0.0029477333954665355 -0.0085259591664619046 0.0038238986741340871 0.00061511832719846266 0.0016955042548148645 -2.4253860429451482e-06
leaf_weight=52 69 1059 125 37 125 103 818 15609
leaf_count=52 69 1059 125 37 125 103 818 15609
internal_value=-5.04821e-12 -0.00100783 -0.000747835 -0.00116932 7.6714e-05 -0.0031633 0.000110383 2.79731e-05
internal_weight=17997 1273 1221 1096 16724 172 16552 15734
internal_count=17997 1273 1221 1096 16724 172 16552 15734
is_linear=0
shrinkage=0.0354478


Tree=41
num_leaves=9
num_cat=0
split_feature=5 7 0 6 7 2 4 0
split_gain=1.0686 2.64456 1.90511 1.86864 2.35551 1.86473 2.10199 1.79116
threshold=71.501652446802353 0.0050148310321932992 27.921722490812716 1.1727623403625469 0.0071853266902469496 53.597836402118865 0.6482624036551411 17.158555799851516
decision_type=2 2 10 2 2 10 10 10
left_child=-1 7 5 -4 -5 -3 -7 -2
right_child=1 2 3 4 -6 6 -8 -9
leaf_value=5.7747964024294916e-05 -0.013400125589302665 -0.0055882048854950326 0.0039132838613607631 -0.010286907586991391 0.00074053129785557007 0.0069376383930102072 -0.002296547393150231 -0.0036092131788314705
leaf_weight=17227 30 130 183 30 129 42 118 108
leaf_count=17227 30 130 183 30 129 42 118 108
internal_value=-4.29685e-11 -0.00129198 -0.000321244 0.00147091 -0.00134012 -0.00243475 0.000127426 -0.00573767
internal_weight=17997 770 632 342 159 290 160 138
internal_count=17997 770 632 342 159 290 160 138
is_linear=0
shrinkage=0.0354478


Tree=42
num_leaves=9
num_cat=0
split_feature=1 1 0 4 4 4 2 0
split_gain=1.08377 1.45275 3.20568 1.77996 1.49091 2.12739 1.72584 2.8625
threshold=-28.58368880582384 -4.613870338897395 2.5038665725507427 7.3063435857001488e-09 0.98774805040225788 0.94164228342202771 69.367346463097888 17.043777171431973
decision_type=10 10 10 10 10 10 10 10
left_child=-1 2 -2 -4 5 -5 -6 -8
right_child=1 -3 3 4 6 -7 7 -9
leaf_value=0.0016743396293395143 -0.0093436241714720276 0.00018663074868978592 -0.0038404127807684075 -0.00033999670213566012 -0.00039568312532191666 0.0026755799312252939 -0.0018170348263472497 -0.01228712835058161
leaf_weight=473 51 11560 185 5083 190 312 92 51
leaf_count=473 51 11560 185 5083 190 312 92 51
internal_value=3.3459e-12 -4.5193e-05 -0.000494536 -0.000418212 -0.000307684 -0.000165602 -0.00260958 -0.00555112
internal_weight=17997 17524 5964 5913 5728 5395 333 143
internal_count=17997 17524 5964 5913 5728 5395 333 143
is_linear=0
shrinkage=0.0354478


Tree=43
num_leaves=9
num_cat=0
split_feature=2 7 8 7 2 6 2 7
split_gain=1.08254 2.22197 1.65508 1.46599 1.7283 2.10568 1.98403 2.56069
threshold=70.021857038285646 0.0020204322595529767 0.084772716609486334 0.0039757336109885579 -54.207918175616925 0.84042298126045278 -57.404018300917308 0.0061800705391400652
decision_type=8 2 2 2 10 2 10 2
left_child=3 -2 -3 -1 5 -5 -7 -8
right_child=1 2 -4 4 -6 6 7 -9
leaf_value=-0.00056840987525116535 0.00409862776187835 -0.002787455559579672 0.00063978341336715214 0.0032863200571111445 0.00034959274428309037 -0.00078043675374895813 -0.00018686481715485511 -0.0078814616044185788
leaf_weight=5620 218 193 2143 134 8316 1153 98 122
leaf_count=5620 218 193 2143 134 8316 1153 98 122
internal_value=-1.17107e-11 0.000676029 0.000356625 -0.000111803 0.000149434 -0.000955095 -0.00136904 -0.00445387
internal_weight=17997 2554 2336 15443 9823 1507 1373 220
internal_count=17997 2554 2336 15443 9823 1507 1373 220
is_linear=0
shrinkage=0.0354478


Tree=44
num_leaves=9
num_cat=0
split_feature=6 2 7 0 0 2 4 0
split_gain=1.04586 2.47666 2.67713 2.05411 1.71817 1.63352 2.14294 1.84492
threshold=0.80428301563024196 -73.258110930087497 0.010604665660620917 18.415846477644912 22.259532156383877 -80.288011005115933 0.72592577720244 9.7159760582591463
decision_type=2 10 2 10 10 8 8 8
left_child=1 -1 3 -3 -5 -2 7 -7
right_child=5 2 -4 4 -6 6 -8 -9
leaf_value=0.0069121996916287447 -0.0031063315177666884 -0.0016986852084825202 0.0083070738021372402 -0.014391380718765945 -0.0025893593296236203 -0.0021667912493208916 0.00061128838276520341 -0.00010137887678006353
leaf_weight=43 203 574 31 31 31 574 6307 10203
leaf_count=43 203 574 31 31 31 574 6307 10203
internal_value=-3.89769e-11 -0.00133339 -0.00186496 -0.00236077 -0.00849037 5.47639e-05 9.23255e-05 -0.000211386
internal_weight=17997 710 667 636 62 17287 17084 10777
internal_count=17997 710 667 636 62 17287 17084 10777
is_linear=0
shrinkage=0.0354478


Tree=45
num_leaves=9
num_cat=0
split_feature=1 7 7 5 1 0 7 4
split_gain=1.01168 1.87834 1.79996 1.41736 1.40605 2.94005 1.85482 1.70857
threshold=-27.534079228772654 0.011079571439467204 0.0073653494148074395 31.484614660081036 -4.613870338897395 2.5038665725507427 0.001201246000544807 0.57743772378651748
decision_type=10 2 2 2 10 10 2 10
left_child=1 2 -1 -3 5 -2 -7 -8
right_child=4 3 -4 -5 -6 6 7 -9
leaf_value=0.0016863846412543437 -0.0089666349323046218 -0.00027011686965386475 -0.0037373907489721293 0.0079958069616979793 0.00018024379718137065 -0.0089293832460600117 -0.00094378962318957481 0.00027420646832101796
leaf_weight=322 51 38 101 83 11560 32 3081 2729
leaf_count=322 51 38 101 83 11560 32 3081 2729
internal_value=1.10356e-11 0.00150538 0.000391346 0.0053999 -4.69218e-05 -0.000492541 -0.000418563 -0.000371688
internal_weight=17997 544 423 121 17453 5893 5842 5810
internal_count=17997 544 423 121 17453 5893 5842 5810
is_linear=0
shrinkage=0.0354478


Tree=46
num_leaves=9
num_cat=0
split_feature=5 7 0 2 0 4 0 2
split_gain=1.01091 2.45656 1.7644 1.72381 1.67046 1.59994 1.45161 1.56473
threshold=71.501652446802353 0.0050148310321932992 27.921722490812716 52.548603303532424 17.158555799851516 5.1366821907095081e-09 15.230782011819587 42.028987311173125
decision_type=2 2 10 10 10 10 10 10
left_child=-1 4 3 6 -2 -4 -3 -8
right_child=1 2 5 -5 -6 -7 7 -9
leaf_value=5.616752542270886e-05 -0.012941147827038972 -0.012200346056370655 -0.0042579048344987044 -4.2475506535985108e-05 -0.003485888245174663 0.0024419649292210244 -1.190432906198563e-06 -0.0099161988814609556
leaf_weight=17227 30 31 53 169 108 289 60 30
leaf_count=17227 30 31 53 169 108 289 60 30
internal_value=1.26205e-12 -0.00125662 -0.000321025 -0.00235499 -0.00554138 0.00140368 -0.00558486 -0.00330619
internal_weight=17997 770 632 290 138 342 121 90
internal_count=17997 770 632 290 138 342 121 90
is_linear=0
shrinkage=0.0354478


Tree=47
num_leaves=9
num_cat=0
split_feature=7 5 8 4 4 6 4 8
split_gain=1.00297 2.65799 1.97594 1.87 1.78261 3.05746 2.78778 2.76403
threshold=0.0039757336109885579 68.043816246278396 0.56254496316146019 0.49324641884536902 0.69494689521599662 0.83688649179917329 0.8524817907934078 0.78770409786585416
decision_type=2 2 2 10 8 2 10 2
left_child=1 4 3 -3 -1 6 -6 -8
right_child=-2 2 -4 -5 5 -7 7 -9
leaf_value=-0.00083582314369036914 0.00020488477396092162 -0.0022203106837893095 -0.00027456707632203005 -0.012255385412452068 0.0027215546694547271 0.00091224438126937142 -0.0017747451201454078 -0.0089797551219076861
leaf_weight=3164 11252 40 71 56 151 2628 559 76
leaf_count=3164 11252 40 71 56 151 2628 559 76
internal_value=-8.07126e-12 -0.000341789 -0.00475813 -0.0080741 -0.000229668 0.0003321 -0.00160762 -0.00263708
internal_weight=17997 6745 167 96 6578 3414 786 635
internal_count=17997 6745 167 96 6578 3414 786 635
is_linear=0
shrinkage=0.0354478


Tree=48
num_leaves=9
num_cat=0
split_feature=7 6 4 6 0 1 6 4
split_gain=0.98747 2.12545 2.02205 1.47612 1.96127 1.29156 1.20178 1.19515
threshold=0.01646481793216523 0.95446355982072228 0.35431793803326506 1.3617092573010734 17.043777171431973 -10.469534649815239 1.6823257778660496 0.011158285039211237
decision_type=2 2 10 2 10 10 2 10
left_child=6 -2 3 4 -3 -4 -1 -6
right_child=1 2 5 -5 7 -7 -8 -9
leaf_value=-5.3245347829642119e-05 0.0039919700141215122 -0.0047535139825097697 0.0021087498568041212 -0.0011185480892390793 -0.0011181632668989026 -0.0034180749961311759 -0.0062829979984671581 0.0044512015693204772
leaf_weight=16838 238 40 69 191 58 231 39 293
leaf_count=16838 238 40 69 191 58 231 39 293
internal_value=2.98196e-11 0.00101927 0.000217113 0.00143568 0.0026834 -0.00214691 -6.76413e-05 0.00353091
internal_weight=17997 1120 882 582 391 300 16877 351
internal_count=17997 1120 882 582 391 300 16877 351
is_linear=0
shrinkage=0.0354478


Tree=49
num_leaves=9
num_cat=0
split_feature=2 0 6 7 7 7 5 6
split_gain=0.958687 2.16274 2.38442 2.51372 2.31655 2.36889 2.40285 3.59818
threshold=70.021857038285646 12.193058338339602 0.85493081076466015 0.0059653341496973449 0.0045954276722331424 0.0021499483211344203 58.42216837297989 0.85191347905659709
decision_type=8 8 2 2 2 2 2 2
left_child=-1 4 3 -3 5 -2 7 -7
right_child=1 2 -4 -5 -6 6 -8 -9
leaf_value=-0.00010521354019667896 0.0052962519388795037 -0.00073690339016361031 0.00060533408520484049 -0.0073058065383342207 0.0045177434690478746 -0.0027694673724878967 -0.0047589880628048234 0.0062450546234636547
leaf_weight=15443 103 253 1427 103 319 121 125 103
leaf_count=15443 103 253 1427 103 319 121 125 103
internal_value=4.98951e-12 0.000636184 -4.21329e-05 -0.00263746 0.00220485 0.000572512 -0.0008216 0.0013756
internal_weight=17997 2554 1783 356 771 452 349 224
internal_count=17997 2554 1783 356 771 452 349 224
is_linear=0
shrinkage=0.0354478


Tree=50
num_leaves=9
num_cat=0
split_feature=1 7 7 5 1 7 4 4
split_gain=0.947893 1.73584 1.72556 1.32006 1.31895 1.8969 1.73325 1.62165
threshold=-27.534079228772654 0.011079571439467204 0.0089127186710283232 31.484614660081036 -4.613870338897395 0.001201246000544807 7.3063435857001488e-09 0.98774805040225788
decision_type=10 2 2 2 10 2 10 10
left_child=1 2 -1 -3 5 -2 -7 -8
right_child=4 3 -4 -5 -6 6 7 -9
leaf_value=0.0011478027043638082 -0.008951914405822459 -0.00027088717053837393 -0.0063441909083665864 0.0077062409640491795 0.00017459933211506784 -0.0038057947613270109 -0.00016937339007296466 -0.0027154158955254538
leaf_weight=380 33 38 43 83 11560 185 5341 334
leaf_count=380 33 38 43 83 11560 185 5341 334
internal_value=-3.522e-13 0.00145715 0.000386205 0.00520103 -4.54185e-05 -0.000477016 -0.000429291 -0.00031922
internal_weight=17997 544 423 121 17453 5893 5860 5675
internal_count=17997 544 423 121 17453 5893 5860 5675
is_linear=0
shrinkage=0.0354478


Tree=51
num_leaves=9
num_cat=0
split_feature=5 7 2 0 2 2 4 2
split_gain=0.928843 1.9379 1.647 1.87239 1.52425 2.28395 1.36044 2.49457
threshold=71.969488277318689 0.0052651423433779784 76.192882621576629 27.921722490812716 66.588003000014155 53.597836402118865 0.034010226207069456 49.324080924869882
decision_type=2 2 10 10 10 10 10 10
left_child=-1 -2 3 4 5 -3 7 -5
right_child=1 2 -4 6 -6 -7 -8 -9
leaf_value=5.1229919362419344e-05 -0.0049468863832272045 -0.0047212346601723919 0.0061036489905908582 0.00092989016990117999 -0.0095858446254389711 0.0041370829023071468 0.0028790034941768967 -0.010856975588123034
leaf_weight=17297 143 118 46 91 41 53 178 30
leaf_count=17297 143 118 46 91 41 53 178 30
internal_value=2.50062e-11 -0.00126589 -0.000320859 -0.000899191 -0.00344745 -0.00197567 0.000907603 -0.00199247
internal_weight=17997 700 557 511 212 171 299 121
internal_count=17997 700 557 511 212 171 299 121
is_linear=0
shrinkage=0.0354478


Tree=52
num_leaves=9
num_cat=0
split_feature=7 5 8 2 0 4 5 1
split_gain=0.919164 2.38427 1.82426 1.79475 1.99564 2.63258 2.42196 2.03355
threshold=0.0039757336109885579 68.043816246278396 0.56254496316146019 -54.207918175616925 19.989050271661558 0.87127706871109567 71.501652446802353 -9.515715792786942
decision_type=2 2 2 10 10 10 2 10
left_child=1 -1 -3 -2 6 -6 -5 -7
right_child=3 2 -4 4 5 7 -8 -9
leaf_value=-0.00022100608578729463 -0.00093451674336871438 -0.0076961275550445464 -0.00020192000815802356 0.001251451475548779 0.00018851640582398527 -0.0096182282223461237 -0.0028099472058614305 -0.0018205919822249755
leaf_weight=6578 1525 96 71 3426 5662 47 195 397
leaf_count=6578 1525 96 71 3426 5662 47 195 397
internal_value=3.13752e-11 -0.000327197 -0.00450997 0.000196138 0.000373402 -1.75977e-05 0.00103273 -0.00264602
internal_weight=17997 6745 167 11252 9727 6106 3621 444
internal_count=17997 6745 167 11252 9727 6106 3621 444
is_linear=0
shrinkage=0.0354478


Tree=53
num_leaves=9
num_cat=0
split_feature=6 2 7 0 0 2 4 6
split_gain=0.929556 2.31827 2.43037 1.90297 1.59089 1.51279 1.86882 1.69153
threshold=0.80428301563024196 -73.258110930087497 0.010604665660620917 18.415846477644912 22.259532156383877 -80.288011005115933 0.72592577720244 0.9807070065769613
decision_type=2 10 2 10 10 8 8 2
left_child=1 -1 3 -3 -5 -2 7 -7
right_child=5 2 -4 4 -6 6 -8 -9
leaf_value=0.0067205062999041035 -0.0029904080905938514 -0.0016065053182297638 0.0079205547733962166 -0.013821774401639115 -0.0024653186359223944 -0.00089124721293082896 0.00057241145986093893 8.7765175054185392e-05
leaf_weight=43 203 574 31 31 31 3122 6307 7655
leaf_count=43 203 574 31 31 31 3122 6307 7655
internal_value=-6.48636e-12 -0.00125706 -0.00177136 -0.00224376 -0.00814355 5.16293e-05 8.77761e-05 -0.000195846
internal_weight=17997 710 667 636 62 17287 17084 10777
internal_count=17997 710 667 636 62 17287 17084 10777
is_linear=0
shrinkage=0.0354478


Tree=54
num_leaves=9
num_cat=0
split_feature=1 5 7 4 2 0 1 7
split_gain=0.912896 1.47854 1.52322 1.39563 2.22822 2.92828 2.23639 2.35486
threshold=-1.6313833665167718 18.630610475864568 0.030132645870955554 0.9857513707733776 68.9577808027759 21.493775631015257 -8.6722284354917658 0.0043570883799012184
decision_type=8 2 2 10 10 10 8 2
left_child=1 -1 3 -3 -5 6 -6 -8
right_child=-2 2 -4 4 5 -7 7 -9
leaf_value=-0.007995585219946642 0.00023754328268651628 -0.00017235973293501576 0.0030519689409522171 -0.00018009992063353449 -0.011081543436233127 -0.013342061120236759 -0.005093917798397833 0.002723612725735684
leaf_weight=31 9546 7582 173 397 35 39 101 93
leaf_count=31 9546 7582 173 397 35 39 101 93
internal_value=2.11027e-11 -0.000268322 -0.000239872 -0.000308926 -0.00186599 -0.00436337 -0.00283425 -0.00134634
internal_weight=17997 8451 8420 8247 665 268 229 194
internal_count=17997 8451 8420 8247 665 268 229 194
is_linear=0
shrinkage=0.0354478


Tree=55
num_leaves=9
num_cat=0
split_feature=2 7 0 4 0 7 7 5
split_gain=0.914836 2.03432 1.74158 2.95989 1.56975 3.10821 2.38118 2.33658
threshold=70.021857038285646 0.0020204322595529767 50.398127251456138 0.56768613466584461 12.193058338339602 0.0045954276722331424 0.0072992183372191108 58.42216837297989
decision_type=8 2 10 8 8 2 2 2
left_child=-1 -2 3 -3 5 7 -7 -5
right_child=1 2 -4 4 -6 6 -8 -9
leaf_value=-0.00010277913162400797 0.0038963501183839505 -0.010884010850980825 0.0070704156916282972 0.0016008635066795227 -0.00029238994842717783 0.0069894627312153575 0.00081304274556339437 -0.0043277102105091537
leaf_weight=15443 218 30 47 237 1574 180 139 129
leaf_count=15443 218 30 47 237 1574 180 139 129
internal_value=-5.75261e-12 0.000621464 0.000315845 0.000177153 0.000324048 0.00174051 0.00429817 -0.000488716
internal_weight=17997 2554 2336 2289 2259 685 319 366
internal_count=17997 2554 2336 2289 2259 685 319 366
is_linear=0
shrinkage=0.0354478


Tree=56
num_leaves=9
num_cat=0
split_feature=6 0 5 4 4 6 2 0
split_gain=0.891765 1.90974 1.48534 1.40066 1.26868 1.13214 1.8739 1.7413
threshold=0.73632538490235255 3.0072953957976938 60.283284060084597 0.92169841239554107 0.94481574352305386 0.80428301563024196 -73.258110930087497 6.0778097924040919
decision_type=2 8 2 10 10 2 10 10
left_child=4 2 3 -2 -1 6 -3 -7
right_child=1 5 -4 -5 -6 7 -8 -9
leaf_value=0.0095043035320760728 -0.0022827673887003352 0.00598990833338811 0.003285570299234747 -0.0091320748837811789 -8.8413345540721303e-05 0.0019567807662252785 -0.0020544501564291658 6.5734172210418766e-06
leaf_weight=30 95 39 33 62 41 596 543 16558
leaf_count=30 95 39 33 62 41 596 543 16558
internal_value=2.23941e-11 -1.57037e-05 -0.00355067 -0.00498759 0.00396485 2.21653e-05 -0.0015154 7.43316e-05
internal_weight=17997 17926 190 157 71 17736 582 17154
internal_count=17997 17926 190 157 71 17736 582 17154
is_linear=0
shrinkage=0.0354478


Tree=57
num_leaves=9
num_cat=0
split_feature=4 1 2 8 8 2 5 6
split_gain=0.889321 1.51844 1.52903 1.37938 1.46455 1.97897 2.15837 1.4983
threshold=1.4066367626242028e-08 18.392909590102288 -54.207918175616925 0.84057060048224774 0.35153988856776691 15.158086520397584 49.719727653962103 1.3022343036383832
decision_type=8 10 10 2 2 10 2 2
left_child=1 3 -3 4 -1 6 7 -6
right_child=-2 2 -4 -5 5 -7 -8 -9
leaf_value=-0.0005099336947229266 6.2712092468718262e-05 -0.0051933682812358144 0.0011230354805183084 0.0038709041418384608 -0.0063695309798260918 -0.00036180852061368566 -0.013601992876476758 0.0016607999271510334
leaf_weight=219 16925 54 445 43 126 106 41 38
leaf_count=219 16925 54 445 43 126 106 41 38
internal_value=3.04653e-11 -0.000990113 0.000439497 -0.0022351 -0.00273049 -0.00429416 -0.00632747 -0.00450884
internal_weight=17997 1072 499 573 530 311 205 164
internal_count=17997 1072 499 573 530 311 205 164
is_linear=0
shrinkage=0.0354478


Tree=58
num_leaves=9
num_cat=0
split_feature=1 7 7 5 1 0 4 7
split_gain=0.886208 1.41705 1.89504 1.32633 1.14349 2.65411 1.43417 2.30615
threshold=-28.58368880582384 0.011079571439467204 0.0073653494148074395 30.989384191933414 -4.613870338897395 2.5038665725507427 0.57743772378651748 0.0024210467974485864
decision_type=10 2 2 2 10 10 10 2
left_child=1 2 -1 -3 5 -2 7 -7
right_child=4 3 -4 -5 -6 6 -8 -9
leaf_value=0.001910810115459018 -0.0084914141476357743 -0.0012203322790382437 -0.0040349047875450697 0.0075658621290356021 0.00016480704690462951 -0.0046408195286767933 0.00022018033638803678 -0.00064169406050264863
leaf_weight=277 51 30 89 77 11560 193 2759 2961
leaf_count=277 51 30 89 77 11560 193 2759 2961
internal_value=-5.66456e-12 0.00151406 0.000464994 0.00510244 -4.08668e-05 -0.000439524 -0.000370076 -0.000886409
internal_weight=17997 473 366 107 17524 5964 5913 3154
internal_count=17997 473 366 107 17524 5964 5913 3154
is_linear=0
shrinkage=0.0354478


Tree=59
num_leaves=9
num_cat=0
split_feature=7 6 4 6 0 1 0 8
split_gain=0.861796 1.93019 1.87029 1.38592 1.80503 1.19911 1.10613 1.10265
threshold=0.01646481793216523 0.95446355982072228 0.35431793803326506 1.3617092573010734 17.043777171431973 -10.469534649815239 12.63684009178183 0.72518608529233564
decision_type=2 2 10 2 10 10 10 2
left_child=-1 6 3 4 -3 -4 -2 -5
right_child=1 2 5 7 -6 -7 -8 -9
leaf_value=-6.3190569645974823e-05 0.0069401223782846405 -0.0045658196563967621 0.0020147199166600893 -0.0024795023013255884 0.0033817739008770152 -0.0033106253883543879 0.0019340941506182032 0.0042019406080268731
leaf_weight=16877 88 40 69 152 351 231 150 39
leaf_count=16877 88 40 69 152 351 231 150 39
internal_value=2.4654e-12 0.000952203 0.00018778 0.00135973 0.00256872 -0.0020858 0.00378506 -0.00111523
internal_weight=17997 1120 882 582 391 300 238 191
internal_count=17997 1120 882 582 391 300 238 191
is_linear=0
shrinkage=0.0354478


Tree=60
num_leaves=9
num_cat=0
split_feature=2 7 0 4 4 1 0 1
split_gain=0.832145 1.89721 1.61911 2.74734 1.47166 3.66405 1.50627 1.7684
threshold=70.021857038285646 0.0020204322595529767 50.398127251456138 0.56768613466584461 0.98329261351924191 -6.8927221180558957 10.035750700103007 3.7060187123779023
decision_type=8 2 10 8 10 10 10 10
left_child=-1 -2 3 -3 -5 -6 -7 -8
right_child=1 2 -4 4 5 6 7 -9
leaf_value=-9.802407595344794e-05 0.0037553121295027182 -0.010492768969339787 0.0068103291873274621 0.00086988257780818085 -0.0089185833009522934 0.0026406341762129819 -0.0030293931920616583 0.0019928436198016152
leaf_weight=15443 218 30 47 1626 68 165 269 131
leaf_count=15443 218 30 47 1626 68 165 269 131
internal_value=2.40964e-11 0.000592712 0.000297572 0.000163846 0.000305368 -0.00114471 -0.000209097 -0.00138461
internal_weight=17997 2554 2336 2289 2259 633 565 400
internal_count=17997 2554 2336 2289 2259 633 565 400
is_linear=0
shrinkage=0.0354478


Tree=61
num_leaves=9
num_cat=0
split_feature=6 2 7 0 0 2 1 1
split_gain=0.839247 2.03296 2.21442 1.77594 1.48831 1.41138 1.4871 1.77361
threshold=0.80428301563024196 -74.101000933504693 0.010604665660620917 18.415846477644912 22.259532156383877 -80.288011005115933 10.390597788401129 2.1298630350352767
decision_type=2 8 2 10 10 8 10 10
left_child=1 -1 3 -3 -5 6 7 -2
right_child=5 2 -4 4 -6 -7 -8 -9
leaf_value=0.0066733595446109364 -0.00085828753670611445 -0.001488341928847912 0.0076009343570702286 -0.013293405682146861 -0.0023091872501317342 8.3971549076617967e-05 0.0020876616214524709 -0.0086192703053628791
leaf_weight=39 74 578 31 31 31 17084 55 74
leaf_count=39 74 578 31 31 31 17084 55 74
internal_value=1.37945e-12 -0.00119444 -0.00165173 -0.00209991 -0.0078013 4.90572e-05 -0.00288925 -0.00473878
internal_weight=17997 710 671 640 62 17287 203 148
internal_count=17997 710 671 640 62 17287 203 148
is_linear=0
shrinkage=0.0354478


Tree=62
num_leaves=9
num_cat=0
split_feature=6 0 7 7 6 4 7 6
split_gain=0.835568 1.69292 1.56585 2.50142 1.70553 1.18598 1.08329 1.01866
threshold=0.73632538490235255 3.0072953957976938 0.0032573727335265751 0.0059653341496973449 0.83844892645185454 0.94481574352305386 0.0040017829991970287 0.80428301563024196
decision_type=2 8 2 2 2 10 2 2
left_child=5 2 4 6 -2 -1 -4 -3
right_child=1 7 3 -5 -6 -7 -8 -9
leaf_value=0.0091937427560175138 -0.011423556807935688 -0.0014380140177024403 -0.00057933326834586443 -0.0071790187575748376 -0.0014649515569496766 -8.1035399725265731e-05 0.0087918809245367893 6.9936468883917196e-05
leaf_weight=30 47 582 31 41 40 41 31 17154
leaf_count=30 47 582 31 41 40 41 31 17154
internal_value=-9.09851e-12 -1.52008e-05 -0.00334345 -0.00038593 -0.00684489 0.00383788 0.00410627 2.04537e-05
internal_weight=17997 17926 190 103 87 71 62 17736
internal_count=17997 17926 190 103 87 71 62 17736
is_linear=0
shrinkage=0.0354478


Tree=63
num_leaves=9
num_cat=0
split_feature=4 8 8 8 0 6 6 5
split_gain=0.832619 1.37894 1.33501 1.40538 1.54361 2.68425 1.68558 1.32674
threshold=0.0059243955909797372 0.85638940815552222 0.36578994241709811 0.38357471462568798 52.850705459326349 1.0143380236613557 1.034917570539464 25.5851085469411
decision_type=8 2 2 2 10 2 2 2
left_child=1 2 -1 -4 5 -5 -6 -2
right_child=7 -3 3 4 6 -7 -8 -9
leaf_value=0.00026955153237120705 -0.0030307075205729997 0.0026460970166407938 -0.0093586163649830474 -0.0088709536685862046 0.0044385667870759215 -0.0016425240840955697 -0.0015302539297557965 9.8705398569025573e-05
leaf_weight=441 172 126 33 89 76 235 273 16552
leaf_count=441 172 126 33 89 76 235 273 16552
internal_value=-6.10481e-12 -0.000873912 -0.00126059 -0.00221639 -0.00186618 -0.00362811 -0.000230453 6.65206e-05
internal_weight=17997 1273 1147 706 673 324 349 16724
internal_count=17997 1273 1147 706 673 324 349 16724
is_linear=0
shrinkage=0.0354478


Tree=64
num_leaves=9
num_cat=0
split_feature=1 7 7 5 1 7 4 4
split_gain=0.829278 1.4995 1.54089 1.1746 1.10061 1.72913 1.48258 1.34069
threshold=-27.534079228772654 0.011079571439467204 0.0091736428098281968 37.967856338495245 -4.613870338897395 0.001201246000544807 7.3063435857001488e-09 0.98774805040225788
decision_type=10 2 2 2 10 2 10 10
left_child=1 2 -1 -3 5 -2 -7 -8
right_child=4 3 -4 -5 -6 6 7 -9
leaf_value=0.0010200917570861608 -0.0085281803409937244 0.0013210936887906582 -0.0066471308665714173 0.0083064079223226141 0.0001585011689594279 -0.0035139888996212651 -0.00015312407314574394 -0.0024681296476201432
leaf_weight=387 33 60 36 61 11560 185 5341 334
leaf_count=387 33 60 36 61 11560 185 5341 334
internal_value=-3.2285e-12 0.00136293 0.000367562 0.00484262 -4.24818e-05 -0.00043674 -0.000391174 -0.000289373
internal_weight=17997 544 423 121 17453 5893 5860 5675
internal_count=17997 544 423 121 17453 5893 5860 5675
is_linear=0
shrinkage=0.0354478


Tree=65
num_leaves=9
num_cat=0
split_feature=5 7 8 2 2 6 0 6
split_gain=0.816845 1.77187 1.36968 1.22204 1.99604 1.35023 1.55659 1.34996
threshold=71.969488277318689 0.0032573727335265751 0.90332629765849604 36.626272197064495 43.055580150898386 1.2505768697313344 56.865530639723666 1.083516419929728
decision_type=2 2 2 8 10 2 10 2
left_child=-1 -2 3 -3 -5 7 -7 -6
right_child=1 2 -4 4 5 6 -8 -9
leaf_value=4.8042128749734397e-05 -0.0093354478626061672 -0.0053873106363649618 0.0050377527770620262 0.00372137581943471 -0.002115423527667022 -0.011816303796210376 -0.00092864532618196075 0.0028008021212347395
leaf_weight=17297 32 78 47 106 277 33 33 94
leaf_count=17297 32 78 47 106 277 33 33 94
internal_value=6.57441e-12 -0.00118712 -0.000796782 -0.00123836 -0.000642384 -0.00170087 -0.00637247 -0.000869803
internal_weight=17997 700 668 621 543 437 66 371
internal_count=17997 700 668 621 543 437 66 371
is_linear=0
shrinkage=0.0354478


Tree=66
num_leaves=9
num_cat=0
split_feature=7 5 2 6 0 6 5 0
split_gain=0.809276 2.16044 1.66715 2.09321 2.23117 2.2365 1.94354 1.84048
threshold=0.0039757336109885579 68.043816246278396 -54.207918175616925 1.0787172407674599 33.735130356891744 0.84042298126045278 46.143899104485328 19.989050271661558
decision_type=2 2 10 2 8 2 2 10
left_child=1 -1 3 4 5 -2 -6 -4
right_child=2 -3 7 -5 6 -7 -8 -9
leaf_value=-0.00020593229566289578 0.0032103673521333307 -0.0042886171932585105 0.00098806934060014688 -0.0039749221745240251 0.0013114419773568979 -0.0017337103421065844 0.0099704201627808086 -2.0604792533469483e-05
leaf_weight=6578 132 167 3621 236 228 891 38 6106
leaf_count=6578 132 167 3621 236 228 891 38 6106
internal_value=1.03606e-11 -0.000307016 0.00018404 -0.000905682 -0.000343741 -0.00109576 0.00254844 0.000354887
internal_weight=17997 6745 11252 1525 1289 1023 266 9727
internal_count=17997 6745 11252 1525 1289 1023 266 9727
is_linear=0
shrinkage=0.0354478


Tree=67
num_leaves=9
num_cat=0
split_feature=7 6 4 6 0 2 4 6
split_gain=0.790727 1.75106 1.73584 1.28316 1.68119 1.2459 1.18649 1.15464
threshold=0.01646481793216523 0.95446355982072228 0.35431793803326506 1.3617092573010734 17.043777171431973 60.335775010703543 0.82242619404961104 1.0882215977546446
decision_type=2 2 10 2 10 10 10 2
left_child=-1 5 3 4 -3 -2 -7 -4
right_child=1 2 7 -5 -6 6 -8 -9
leaf_value=-6.0528965722884501e-05 0.0062851621727638245 -0.0044090817095078678 -0.0035964719350683174 -0.0010683959909830937 0.0032610233080052945 -0.0041658627291089158 0.0034124319929650943 0.0010350215164684866
leaf_weight=16877 114 40 197 191 351 37 87 103
leaf_count=16877 114 40 197 191 351 37 87 103
internal_value=1.77274e-11 0.000912096 0.000184007 0.00131305 0.00247636 0.00361031 0.00115117 -0.00200633
internal_weight=17997 1120 882 582 391 238 124 300
internal_count=17997 1120 882 582 391 238 124 300
is_linear=0
shrinkage=0.0354478


Tree=68
num_leaves=9
num_cat=0
split_feature=2 7 5 4 6 0 6 1
split_gain=0.778903 1.60629 1.42687 2.54585 1.83052 1.41209 2.15309 2.18196
threshold=54.728160969223325 0.012466436264828394 46.524177620594003 0.74578441375361748 0.88609481208645702 8.3399263152261121 0.90725226142198612 -8.4882200660338487
decision_type=8 2 2 10 2 10 2 10
left_child=-1 2 3 -2 -5 -4 7 -7
right_child=1 -3 5 4 -6 6 -8 -9
leaf_value=-0.00014502238663309083 -0.011047043005164174 0.0027386992180856175 0.0017837728125751561 -0.0045102030658352166 0.0061038980589432738 -0.0050890182040815128 0.00074039853590658915 -0.00054131757893271962
leaf_weight=12978 39 337 690 49 35 146 2282 1441
leaf_count=12978 39 337 690 49 35 146 2282 1441
internal_value=1.76687e-11 0.000374995 0.000204861 -0.00356259 -8.76609e-05 0.000306505 4.30484e-05 -0.000959695
internal_weight=17997 5019 4682 123 84 4559 3869 1587
internal_count=17997 5019 4682 123 84 4559 3869 1587
is_linear=0
shrinkage=0.0354478


Tree=69
num_leaves=9
num_cat=0
split_feature=6 0 7 7 8 4 7 6
split_gain=0.769244 1.59386 1.44663 2.33673 1.73682 1.10589 0.99433 0.979103
threshold=0.73632538490235255 3.0072953957976938 0.0032573727335265751 0.0059653341496973449 0.3055435231849189 0.94481574352305386 0.0040017829991970287 0.80428301563024196
decision_type=2 8 2 2 2 10 2 2
left_child=5 2 4 6 -2 -1 -4 -3
right_child=1 7 3 -5 -6 -7 -8 -9
leaf_value=0.0088542870387354287 -0.012038559576265385 -0.0014098585204954082 -0.00054857377443275784 -0.0069669591988627631 -0.0019890166562565458 -0.00010187472962020393 0.0084296001952941322 6.8523120615380972e-05
leaf_weight=30 40 582 31 41 47 41 31 17154
leaf_count=30 40 582 31 41 47 41 31 17154
internal_value=1.4088e-12 -1.45851e-05 -0.003244 -0.000401296 -0.0066095 0.00368242 0.00394051 2.00106e-05
internal_weight=17997 17926 190 103 87 71 62 17736
internal_count=17997 17926 190 103 87 71 62 17736
is_linear=0
shrinkage=0.0354478


Tree=70
num_leaves=9
num_cat=0
split_feature=1 7 7 5 4 7 5 5
split_gain=0.773419 1.40333 1.43556 1.10231 1.07321 3.43103 2.38915 2.11258
threshold=-27.534079228772654 0.011079571439467204 0.0091736428098281968 37.967856338495245 0.59909221568279725 0.001201246000544807 46.143899104485328 41.31646127815727
decision_type=10 2 2 2 10 2 2 2
left_child=1 2 -1 -3 5 -2 -7 -6
right_child=4 3 -4 -5 7 6 -8 -9
leaf_value=0.0009831381129768676 -0.011568669171094722 0.0012710474745910494 -0.0064173916008934458 0.0080379944952502919 -0.0012675625406011993 0.00047657812464760855 -0.00075859288494994849 0.00042093331545379076
leaf_weight=387 34 60 36 61 1053 3191 5133 8042
leaf_count=387 34 60 36 61 1053 3191 5133 8042
internal_value=-1.174e-13 0.00131623 0.000353306 0.00468248 -4.10261e-05 -0.000330992 -0.000285091 0.000225443
internal_weight=17997 544 423 121 17453 8358 8324 9095
internal_count=17997 544 423 121 17453 8358 8324 9095
is_linear=0
shrinkage=0.0354478


Tree=71
num_leaves=9
num_cat=0
split_feature=1 5 7 5 4 2 0 1
split_gain=0.772454 1.34935 1.32695 1.25222 1.31668 2.06768 2.66379 1.87091
threshold=-1.6313833665167718 18.630610475864568 0.030132645870955554 76.37010617486338 0.9857513707733776 68.9577808027759 21.493775631015257 -8.6722284354917658
decision_type=8 2 2 2 10 10 10 10
left_child=1 -1 3 4 -3 -6 7 -7
right_child=-2 2 -4 -5 5 6 -8 -9
leaf_value=-0.0076287756974611513 0.0002185084277891711 -9.4999125364779067e-05 0.002852808140957213 -0.0037908141764144581 -0.00012007200808882904 -0.010230336467257023 -0.012715199310324431 -0.0013225435051380716
leaf_weight=31 9546 7457 173 126 397 35 39 193
leaf_count=31 9546 7457 173 126 397 35 39 193
internal_value=6.45701e-12 -0.000246821 -0.000219642 -0.000284094 -0.000229686 -0.00174228 -0.00415433 -0.00268997
internal_weight=17997 8451 8420 8247 8121 664 267 228
internal_count=17997 8451 8420 8247 8121 664 267 228
is_linear=0
shrinkage=0.0354478


Tree=72
num_leaves=9
num_cat=0
split_feature=2 6 7 4 1 4 0 1
split_gain=0.747573 1.97329 1.86447 1.59665 3.10375 1.48933 1.4182 1.73515
threshold=70.021857038285646 1.0659166212041356 0.0020204322595529767 0.98329261351924191 -6.8927221180558957 0.99998906642045493 10.035750700103007 3.7060187123779023
decision_type=8 2 2 10 10 10 10 10
left_child=-1 2 -2 -4 5 -5 -6 -8
right_child=1 -3 3 4 6 -7 7 -9
leaf_value=-9.2909485243540486e-05 0.0038874277297585836 -0.0048481392050914746 0.0010282986627050614 -0.0023216316556392441 0.0025550488400310841 -0.012887029100526739 -0.0029958003081588863 0.0019724165537181064
leaf_weight=15443 216 82 1624 30 165 38 267 132
leaf_count=15443 216 82 1624 30 165 38 267 132
internal_value=7.13206e-12 0.000561786 0.000741241 0.000440011 -0.00107167 -0.00822582 -0.000209108 -0.00135218
internal_weight=17997 2554 2472 2256 632 68 564 399
internal_count=17997 2554 2472 2256 632 68 564 399
is_linear=0
shrinkage=0.0354478


Tree=73
num_leaves=9
num_cat=0
split_feature=7 5 8 4 4 6 7 5
split_gain=0.7461 2.01007 1.66597 1.83682 1.48279 2.54616 2.5279 3.33507
threshold=0.0039757336109885579 68.043816246278396 0.5177051415026086 0.49324641884536902 0.69494689521599662 0.83688649179917329 0.0033842655404306434 62.305350232124546
decision_type=2 2 2 10 8 2 2 2
left_child=1 4 3 -3 6 -6 7 -1
right_child=-2 2 -4 -5 5 -7 -8 -9
leaf_value=-0.00053751199382415021 0.0001767108533886689 -0.0011877992679833753 -0.00039860018330483549 -0.011651641825302345 -0.0014550485483639649 0.00084448353797494469 -0.0024399830643726615 0.004536556308040794
leaf_weight=2165 11252 35 79 53 786 2628 823 176
leaf_count=2165 11252 35 79 53 786 2628 823 176
internal_value=4.28511e-12 -0.000294789 -0.00413533 -0.00748989 -0.000197287 0.000315066 -0.000750122 -0.000156036
internal_weight=17997 6745 167 88 6578 3414 3164 2341
internal_count=17997 6745 167 88 6578 3414 3164 2341
is_linear=0
shrinkage=0.0354478


Tree=74
num_leaves=9
num_cat=0
split_feature=1 7 7 4 7 5 5 5
split_gain=0.734785 0.930649 2.98562 0.895472 2.87598 2.12715 1.98737 1.95575
threshold=-30.377812428996886 0.011079571439467204 0.0073653494148074395 0.59909221568279725 0.001201246000544807 46.143899104485328 41.31646127815727 56.810835616496867
decision_type=10 2 2 10 2 2 2 2
left_child=1 2 -1 4 -2 -6 -5 -7
right_child=3 -3 -4 6 5 7 -8 -9
leaf_value=0.0026005906239882446 -0.010436437990179374 0.0046969746143910732 -0.0053693771093566555 -0.00123671931425821 0.00045912821418857801 -0.0013916220478691972 0.00039949758248637187 -1.8475938776753585e-05
leaf_weight=234 35 89 79 1055 3240 2578 8051 2636
leaf_count=234 35 89 79 1055 3240 2578 8051 2636
internal_value=1.03019e-11 0.00149848 0.000589001 -3.42363e-05 -0.000296148 -0.000254167 0.000209929 -0.000697412
internal_weight=17997 402 313 17595 8489 8454 9106 5214
internal_count=17997 402 313 17595 8489 8454 9106 5214
is_linear=0
shrinkage=0.0354478


Tree=75
num_leaves=9
num_cat=0
split_feature=4 0 6 6 6 4 1 2
split_gain=0.726981 1.4329 2.43731 1.45449 1.44803 1.43714 2.398 1.53937
threshold=1.4066367626242028e-08 52.850705459326349 1.034917570539464 1.0143380236613557 0.90583654033455507 4.0065952222612119e-09 -12.881394754601791 -33.053126249228946
decision_type=8 10 2 2 2 10 10 10
left_child=1 3 4 -1 -3 6 -5 -7
right_child=-2 2 -4 5 -6 7 -8 -9
leaf_value=-0.0053908590449002081 5.6700037998663443e-05 -0.0018493655414618894 -0.00090470725253695341 -0.0046075626440243564 0.0068927466963586296 -0.010365677991064593 0.0044756054891857975 -0.0017245364655359087
leaf_weight=140 16925 32 478 56 93 32 105 136
leaf_count=140 16925 32 478 56 93 32 105 136
internal_value=-1.73165e-12 -0.000895194 0.000247754 -0.0023647 0.00465477 -0.00107697 0.00131624 -0.00337047
internal_weight=17997 1072 603 469 125 329 161 168
internal_count=17997 1072 603 469 125 329 161 168
is_linear=0
shrinkage=0.0354478


Tree=76
num_leaves=9
num_cat=0
split_feature=5 0 4 6 8 0 8 0
split_gain=0.718989 1.9872 1.49611 1.96245 1.78515 1.34633 0.997111 0.946953
threshold=71.501652446802353 32.560094111339829 0.046590263571482167 1.1727623403625469 0.42219925024522603 60.477710462316139 0.86851531344271893 38.67362211922363
decision_type=2 10 10 2 2 10 2 10
left_child=-1 6 3 -3 -5 -6 -2 -4
right_child=1 2 7 4 5 -7 -8 -9
leaf_value=4.7368588573845252e-05 -0.0032551178004468391 0.0031147480947106851 0.0067701469883585681 -0.012142296513659985 -0.006761490799264162 0.0037723710783310691 0.0029174241011847607 0.0013721535277078578
leaf_weight=17227 380 62 57 30 31 30 36 144
leaf_count=17227 380 62 57 30 31 30 36 144
internal_value=3.84486e-12 -0.00105976 0.00089237 -0.00174895 -0.00506268 -0.0015809 -0.00272096 0.00290293
internal_weight=17997 770 354 153 91 61 416 201
internal_count=17997 770 354 153 91 61 416 201
is_linear=0
shrinkage=0.0354478


Tree=77
num_leaves=9
num_cat=0
split_feature=6 0 1 4 2 1 6 2
split_gain=0.714337 1.47756 1.46712 1.03352 0.986399 2.39152 0.928542 1.63577
threshold=0.73632538490235255 3.0072953957976938 -1.1348158986158479 0.94481574352305386 58.835014779825897 -4.613870338897395 0.80428301563024196 -73.258110930087497
decision_type=2 8 10 10 10 10 2 10
left_child=3 2 4 -1 5 -2 7 -3
right_child=1 6 -4 -5 -6 -7 -8 -9
leaf_value=0.0085483379995089821 -0.009357108055289531 0.0056390219353499313 -0.010177841294383502 -0.00010980464479805403 0.0022004773766833518 0.0013088481896770304 6.6497921348368812e-05 -0.0018768460938306231
leaf_weight=30 50 39 31 41 53 56 17154 543
leaf_count=30 50 39 31 41 53 56 17154 543
internal_value=1.30901e-11 -1.40549e-05 -0.00312341 0.00354857 -0.00174802 -0.00372226 1.92546e-05 -0.00137321
internal_weight=17997 17926 190 71 159 106 17736 582
internal_count=17997 17926 190 71 159 106 17736 582
is_linear=0
shrinkage=0.0354478


Tree=78
num_leaves=9
num_cat=0
split_feature=1 7 7 5 1 7 4 7
split_gain=0.694698 1.23281 1.26367 1.02587 0.995376 1.4837 1.54196 1.00263
threshold=-27.534079228772654 0.011079571439467204 0.0089127186710283232 37.967856338495245 -19.926368439553055 0.0023951993700630871 5.1366821907095081e-09 0.0083172101049665773
decision_type=10 2 2 2 10 2 10 2
left_child=1 2 -1 -3 5 -2 -7 -8
right_child=4 3 -4 -5 -6 6 7 -9
leaf_value=0.00099666768585546868 -0.006930916130756205 0.0011115236548210144 -0.0054146837624443663 0.0076396360567683123 1.624419393418041e-05 -0.0085857150872180304 0.00048635131613292544 -0.002562460525799747
leaf_weight=380 55 60 43 61 16743 31 425 199
leaf_count=380 55 60 43 61 16743 31 425 199
internal_value=1.03606e-11 0.00124745 0.000344923 0.00440256 -3.88822e-05 -0.00133886 -0.000869294 -0.000485946
internal_weight=17997 544 423 121 17453 710 655 624
internal_count=17997 544 423 121 17453 710 655 624
is_linear=0
shrinkage=0.0354478


Tree=79
num_leaves=9
num_cat=0
split_feature=7 5 8 4 2 5 1 7
split_gain=0.690281 1.87723 1.54693 1.68726 1.52784 1.37312 1.35488 1.58159
threshold=0.0039757336109885579 68.043816246278396 0.56254496316146019 0.49324641884536902 -69.317579297613094 51.048305586839852 16.8585515840557 0.012466436264828394
decision_type=2 2 2 10 10 2 10 2
left_child=1 -1 3 -3 5 6 7 -2
right_child=4 2 -4 -5 -6 -7 -8 -9
leaf_value=-0.00018932180847418403 -0.0019308902732688633 -0.001368591250421578 -2.7920072158080814e-05 -0.010900738542767963 0.00026617955321974797 0.0056544562336998932 0.0038086106414985028 -0.0089669312680894352
leaf_weight=6578 458 40 71 56 10673 31 46 44
leaf_count=6578 458 40 71 56 10673 31 46 44
internal_value=-1.7023e-11 -0.000283547 -0.00399501 -0.00692901 0.000169972 -0.00160347 -0.00201404 -0.0025476
internal_weight=17997 6745 167 96 11252 579 548 502
internal_count=17997 6745 167 96 11252 579 548 502
is_linear=0
shrinkage=0.0354478


Tree=80
num_leaves=9
num_cat=0
split_feature=1 5 7 5 1 4 7 0
split_gain=0.693418 1.26294 1.2097 1.18803 1.17697 2.39505 3.11201 2.6257
threshold=-1.6313833665167718 18.630610475864568 0.030132645870955554 33.907820179185784 -11.920807829677202 0.24353517566548741 0.0072992183372191108 37.444797897050783
decision_type=8 2 2 2 10 10 2 10
left_child=1 -1 4 -4 -3 6 -6 -8
right_child=-2 2 3 -5 5 -7 7 -9
leaf_value=-0.0073755374549058792 0.00020702817365930473 0.00031867995444568047 -0.0018812906521681468 0.0045988962525267459 -0.00049897240772548573 -0.00018949115034459289 -0.0059956796013305291 -0.00011427034523560093
leaf_weight=31 9546 2818 50 123 684 4285 325 135
leaf_count=31 9546 2818 50 123 684 4285 325 135
internal_value=1.6436e-12 -0.000233853 -0.000207559 0.00272601 -0.000269098 -0.000574192 -0.00201514 -0.00426961
internal_weight=17997 8451 8420 173 8247 5429 1144 460
internal_count=17997 8451 8420 173 8247 5429 1144 460
is_linear=0
shrinkage=0.0354478


Tree=81
num_leaves=9
num_cat=0
split_feature=6 7 2 0 0 4 2 2
split_gain=0.672249 1.80417 1.98829 1.59721 1.41707 1.33628 2.20544 2.22061
threshold=0.80428301563024196 0.010604665660620917 -73.258110930087497 18.415846477644912 22.259532156383877 0.84907341571959039 65.290867603136107 -46.479201487415132
decision_type=2 2 10 10 10 10 10 10
left_child=1 2 -1 5 -5 -4 7 -7
right_child=-2 -3 3 4 -6 6 -8 -9
leaf_value=0.0059263118126558038 4.3905936539258546e-05 0.0072938029501203672 0.0024036231117003505 -0.01271372328226178 -0.0019956105921185392 0.0012620391505868886 -7.8984413480204843e-05 -0.007193744970060199
leaf_weight=43 17287 31 98 31 31 53 275 148
leaf_count=43 17287 31 98 31 31 53 275 148
internal_value=2.49475e-12 -0.00106902 -0.00145082 -0.00194959 -0.00735467 -0.00136577 -0.00214182 -0.00496411
internal_weight=17997 710 679 636 62 574 476 201
internal_count=17997 710 679 636 62 574 476 201
is_linear=0
shrinkage=0.0354478


Tree=82
num_leaves=9
num_cat=0
split_feature=6 0 1 4 0 8 0 6
split_gain=0.672884 1.35119 1.34174 0.951306 0.93076 1.46178 1.34185 1.24757
threshold=0.73632538490235255 3.0072953957976938 -1.1348158986158479 0.94481574352305386 6.0778097924040919 0.81764811066513399 5.8641339000832184 0.95209460713256144
decision_type=2 8 10 10 10 2 8 2
left_child=3 2 -2 -1 5 6 -3 -8
right_child=1 4 -4 -5 -6 -7 7 -9
leaf_value=0.0082408555236721231 -0.0016717493851258897 0.00098682240121039872 -0.0097333175789793766 -6.5784456868526659e-05 -3.5218855134303822e-05 -0.0050126043141282698 0.0077369899341186129 -0.00080005246900249211
leaf_weight=30 159 586 31 41 17000 44 76 30
leaf_count=30 159 586 31 41 17000 44 76 30
internal_value=-1.84905e-12 -1.3641e-05 -0.00298706 0.00344406 1.82122e-05 0.00125235 0.0016507 0.00532085
internal_weight=17997 17926 190 71 17736 736 692 106
internal_count=17997 17926 190 71 17736 736 692 106
is_linear=0
shrinkage=0.0354478


Tree=83
num_leaves=9
num_cat=0
split_feature=5 7 2 0 2 2 0 6
split_gain=0.669429 1.58359 1.54753 1.53657 1.45747 2.03408 1.23102 1.16953
threshold=71.969488277318689 0.0052651423433779784 76.192882621576629 27.921722490812716 66.588003000014155 53.597836402118865 21.619126949046318 1.1727623403625469
decision_type=2 2 10 10 10 10 10 2
left_child=-1 6 3 4 5 -3 -2 -5
right_child=1 2 -4 7 -6 -7 -8 -9
leaf_value=4.3491488511967383e-05 -0.0095024278086215039 -0.0042412958426728768 0.0060070790134861872 0.0030951032998038125 -0.0090918666504677063 0.0041184327891021673 -0.0022813042708587769 -0.0013390547703589868
leaf_weight=17297 42 118 46 148 41 53 101 151
leaf_count=17297 42 118 46 148 41 53 101 151
internal_value=-1.52327e-11 -0.00107468 -0.000220393 -0.000780987 -0.00308945 -0.00165027 -0.00440219 0.000855779
internal_weight=17997 700 557 511 212 171 143 299
internal_count=17997 700 557 511 212 171 143 299
is_linear=0
shrinkage=0.0354478


Tree=84
num_leaves=9
num_cat=0
split_feature=2 2 8 0 6 7 7 6
split_gain=0.667027 1.71999 2.08635 1.57266 2.50659 3.28064 3.54282 1.85543
threshold=73.599153719056218 72.95395646129802 0.6636444031999027 10.19341668852311 0.8563673195506426 0.0058753303741204289 0.0037096403304714633 0.87565312347851665
decision_type=10 10 2 10 2 2 2 2
left_child=1 -1 -3 -2 -5 6 -6 -8
right_child=3 2 -4 4 5 -7 7 -9
leaf_value=-3.8233613395151951e-05 0.0027564680441541393 -0.0017245291023359559 -0.01227056391179928 -0.0023971493566380827 0.0019121932276491588 0.0037999441270185619 0.0046156564636157848 -0.003890579275493555
leaf_weight=16037 356 110 30 369 400 352 36 307
leaf_count=16037 356 110 30 369 400 352 36 307
internal_value=1.96352e-11 -7.23847e-05 -0.00398439 0.000643389 0.000129553 0.000981017 -0.000354464 -0.0029978
internal_weight=17997 16177 140 1820 1464 1095 743 343
internal_count=17997 16177 140 1820 1464 1095 743 343
is_linear=0
shrinkage=0.0354478


Tree=85
num_leaves=9
num_cat=0
split_feature=4 1 2 8 8 2 5 6
split_gain=0.663838 1.18021 1.42369 1.19688 1.2641 1.88777 1.9585 1.36201
threshold=1.4066367626242028e-08 18.392909590102288 -54.207918175616925 0.84057060048224774 0.35153988856776691 15.158086520397584 49.719727653962103 1.3022343036383832
decision_type=8 10 10 2 2 10 2 2
left_child=1 3 -3 4 -1 6 7 -6
right_child=-2 2 -4 -5 5 -7 -8 -9
leaf_value=-0.00035148815528371347 5.418170300400397e-05 -0.0050304410815566443 0.0010645086852048733 0.0037347205218831395 -0.005894786607480218 -2.6552324320790861e-05 -0.012782643211232909 0.0017616058967393933
leaf_weight=219 16925 54 445 43 126 106 41 38
leaf_count=219 16925 54 445 43 126 106 41 38
internal_value=-3.3459e-12 -0.000855434 0.000404935 -0.00195303 -0.00241449 -0.00386722 -0.00585312 -0.00412074
internal_weight=17997 1072 499 573 530 311 205 164
internal_count=17997 1072 499 573 530 311 205 164
is_linear=0
shrinkage=0.0354478


Tree=86
num_leaves=9
num_cat=0
split_feature=7 5 2 2 7 4 0 4
split_gain=0.666057 1.69684 1.46987 1.81854 2.58664 2.6879 1.74937 2.46097
threshold=0.0039757336109885579 68.043816246278396 -54.207918175616925 -57.404018300917308 0.0061800705391400652 0.59909221568279725 19.989050271661558 0.87127706871109567
decision_type=2 2 10 10 2 10 10 10
left_child=1 -1 3 -2 5 -5 -4 -8
right_child=2 -3 6 4 -6 -7 7 -9
leaf_value=-0.00018894376847728906 -0.00034170123894876689 -0.0038071687486507673 0.00094469468632619189 0.0065061681364871858 -0.0072350662714436497 -0.004878797565164664 0.00016058629460166356 -0.002580003086648709
leaf_weight=6578 1296 167 3621 48 124 57 5662 444
leaf_count=6578 1296 167 3621 48 124 57 5662 444
internal_value=-8.51151e-13 -0.000278528 0.000166963 -0.000856255 -0.00376831 0.000325758 0.000327383 -3.86967e-05
internal_weight=17997 6745 11252 1525 229 105 9727 6106
internal_count=17997 6745 11252 1525 229 105 9727 6106
is_linear=0
shrinkage=0.0354478


Tree=87
num_leaves=9
num_cat=0
split_feature=1 5 1 4 5 2 0 8
split_gain=0.66241 1.17872 1.12551 1.41833 1.22275 1.10864 2.13235 2.33984
threshold=-1.6313833665167718 18.630610475864568 -1.8406979000786803 0.67689242557064477 50.338072012956466 73.599153719056218 11.117004722481559 0.65333594956763885
decision_type=8 2 10 10 2 10 8 2
left_child=1 -1 -3 -4 -5 6 7 -2
right_child=5 2 3 4 -6 -7 -8 -9
leaf_value=-0.0071280112360642273 -0.00059793968676233225 -0.00014948569458688343 -0.007534204269624074 0.0041154866844009324 -0.0044950837980270632 0.0011784072865093102 0.000245543384685091 -0.004980853913125703
leaf_weight=31 652 8278 59 40 43 1268 7426 200
leaf_count=31 652 8278 59 40 43 1268 7426 200
internal_value=2.20125e-12 -0.000228564 -0.000203163 -0.0033323 -0.000345411 0.000202346 5.28362e-05 -0.00162679
internal_weight=17997 8451 8420 142 83 9546 8278 852
internal_count=17997 8451 8420 142 83 9546 8278 852
is_linear=0
shrinkage=0.0354478


Tree=88
num_leaves=9
num_cat=0
split_feature=7 7 7 5 8 7 2 0
split_gain=0.645893 1.01176 1.29502 0.890433 1.44338 1.39607 1.78277 1.96441
threshold=0.01646481793216523 0.015983337220579475 0.015559968512823768 73.864562950571283 0.83576487359482721 0.0052651423433779784 75.043443490054685 28.483580920841327
decision_type=2 2 2 2 2 2 10 10
left_child=1 2 3 -1 5 -5 7 -7
right_child=-2 -3 -4 4 -6 6 -8 -9
leaf_value=-1.6297488696532243e-05 0.00082434215060183313 -0.0043075061970003301 0.0047744164710887601 -0.0069658545482471634 0.0040110527597811601 -0.0064555240501458586 0.0067942711451333959 -1.3361818293565467e-05
leaf_weight=16330 1120 70 70 70 49 93 30 165
leaf_count=16330 1120 70 70 70 49 93 30 165
internal_value=2.23354e-11 -5.47054e-05 -3.69928e-05 -5.71158e-05 -0.00169486 -0.00247584 -0.00138451 -0.00233554
internal_weight=17997 16877 16807 16737 407 358 288 258
internal_count=17997 16877 16807 16737 407 358 288 258
is_linear=0
shrinkage=0.0354478


Tree=89
num_leaves=9
num_cat=0
split_feature=2 5 1 1 6 7 6 5
split_gain=0.645011 1.27025 1.3995 1.96933 0.956695 1.76907 1.40886 1.83261
threshold=-80.288011005115933 47.031651172142396 10.390597788401129 2.1298630350352767 0.80428301563024196 0.010604665660620917 0.78097337883622309 45.395379807169483
decision_type=8 2 10 10 2 2 2 2
left_child=1 2 3 -1 5 6 7 -2
right_child=4 -3 -4 -5 -6 -7 -8 -9
leaf_value=-0.0004468657712792937 0.0058901472152464917 0.0032292526901846184 0.0016175056157519871 -0.0096062788382125994 7.5908803576120378e-05 0.007013643769241228 -0.0032844584033572856 -0.0011895270915102281
leaf_weight=54 55 47 50 65 17084 31 332 279
leaf_count=54 55 47 50 65 17084 31 332 279
internal_value=4.81341e-12 -0.00192541 -0.00335896 -0.00544991 2.33895e-05 -0.0012639 -0.00164919 -2.37125e-05
internal_weight=17997 216 169 119 17781 697 666 334
internal_count=17997 216 169 119 17781 697 666 334
is_linear=0
shrinkage=0.0354478


Tree=90
num_leaves=9
num_cat=0
split_feature=1 2 2 4 7 5 2 5
split_gain=0.636991 0.864051 0.842206 0.835894 2.66549 1.95702 2.90172 2.76719
threshold=-30.377812428996886 41.070073362567918 30.632213927871202 0.59909221568279725 0.001201246000544807 46.777155351241134 35.302930706672441 46.906407718468706
decision_type=10 10 10 10 2 2 10 2
left_child=1 2 -1 4 -2 6 -6 -7
right_child=3 -3 -4 -5 5 7 -8 -9
leaf_value=0.0011897475942701562 -0.010047089952202964 -0.0039264258494593821 0.0059471753701977942 0.00020402662059709387 0.00052905737353819027 -0.011420610170155268 -0.0088463866850014214 -0.00062268030036357995
leaf_weight=312 35 35 55 9106 3357 30 42 5025
leaf_count=312 35 35 55 9106 3357 30 42 5025
internal_value=-1.12998e-11 0.0013952 0.00190271 -3.18767e-05 -0.000284926 -0.00024451 0.000413209 -0.000686763
internal_weight=17997 402 367 17595 8489 8454 3399 5055
internal_count=17997 402 367 17595 8489 8454 3399 5055
is_linear=0
shrinkage=0.0354478


Tree=91
num_leaves=9
num_cat=0
split_feature=1 1 7 7 5 5 2 5
split_gain=0.629111 1.11192 2.65872 1.83136 1.48094 1.47115 1.9595 1.4018
threshold=-1.6313833665167718 -0.33722809210369492 0.0034042021598096376 0.0045669903203264329 58.42216837297989 56.229845487527975 59.820723556024788 66.549836382468285
decision_type=8 10 2 2 2 2 10 2
left_child=-1 2 -2 7 5 6 -4 -3
right_child=1 3 4 -5 -6 -7 -8 -9
leaf_value=-0.00022274545975111117 0.0043028476332438751 -0.00029231172817645849 -0.0014075767492617531 0.00059129644682073357 0.0027894294265619285 -0.0067946176749267145 0.0052900979058853725 -0.0031840938065401405
leaf_weight=8451 273 4115 326 4312 183 49 66 222
leaf_count=8451 273 4115 326 4312 183 49 66 222
internal_value=-1.32075e-12 0.000197195 0.00138515 7.39899e-05 0.000108663 -0.00100376 -0.000279907 -0.000440335
internal_weight=17997 9546 897 8649 624 441 392 4337
internal_count=17997 9546 897 8649 624 441 392 4337
is_linear=0
shrinkage=0.0354478


Tree=92
num_leaves=9
num_cat=0
split_feature=1 1 8 6 0 0 0 4
split_gain=0.625926 1.43772 1.44651 1.12484 1.06853 1.23449 1.11827 1.35756
threshold=26.801712565440919 33.101478383692822 0.73250708697328359 1.1071958548565044 71.636866446325072 79.800273861829297 69.614229847158171 0.29652096916039289
decision_type=10 10 2 2 10 10 8 8
left_child=4 2 -2 -4 6 -6 -1 -8
right_child=1 -3 3 -5 5 -7 7 -9
leaf_value=5.4168965395387614e-05 -0.0013292013222878914 0.00029465073575333535 -0.0098616189846488008 -0.0018701625533169533 -0.0048867986621114936 0.0015885905547475977 0.0091108443303871602 -8.4857538254251152e-05
leaf_weight=16908 259 490 53 38 113 55 38 43
leaf_count=16908 259 490 53 38 113 55 38 43
internal_value=2.43605e-12 -0.000944781 -0.00267999 -0.00652453 4.62561e-05 -0.00276688 7.40745e-05 0.00422918
internal_weight=17997 840 350 91 17157 168 16989 81
internal_count=17997 840 350 91 17157 168 16989 81
is_linear=0
shrinkage=0.0354478


Tree=93
num_leaves=9
num_cat=0
split_feature=8 5 6 4 5 5 6 4
split_gain=0.616261 2.15436 2.22572 1.2893 1.52612 3.07071 1.29506 1.2333
threshold=0.063719643489805064 63.66048394015116 0.93702951446257288 0.7891807903198883 57.320262039099639 55.857534720688641 0.91087610055605095 0.098307447762631076
decision_type=2 2 2 8 2 2 2 10
left_child=1 3 -3 4 5 6 -1 -8
right_child=-2 2 -4 -5 -6 -7 7 -9
leaf_value=-0.0037328493532151176 5.5294214194573078e-05 0.0022908691883188107 -0.0072662266796066043 -0.0018547154606586677 0.0043987581719194821 -0.010882105379983971 -0.0015157060730379415 0.0025708237296668854
leaf_weight=74 16803 42 113 376 118 31 133 307
leaf_count=74 16803 42 113 376 118 31 133 307
internal_value=-6.57441e-12 -0.000778148 -0.00467656 -0.000196575 0.000743788 -4.75636e-05 0.000605882 0.00133558
internal_weight=17997 1194 155 1039 663 545 514 440
internal_count=17997 1194 155 1039 663 545 514 440
is_linear=0
shrinkage=0.0354478


Tree=94
num_leaves=9
num_cat=0
split_feature=4 0 2 5 0 8 8 8
split_gain=0.61034 1.22287 1.16674 1.15497 2.46293 1.48633 1.11425 1.58974
threshold=1.4066367626242028e-08 52.850705459326349 -54.207918175616925 25.5851085469411 41.754349617037079 0.27762345027621954 0.3694505501819606 0.84057060048224774
decision_type=8 10 10 2 10 2 2 2
left_child=1 6 -3 4 -2 -6 -1 -8
right_child=3 2 -4 -5 5 -7 7 -9
leaf_value=2.1418061984896193e-05 -0.007860871773313266 -0.0048400194881350351 0.00071463636606709303 8.2987474219441639e-05 0.0072792186948605559 -0.0018843823689099052 -0.0045389010031331853 0.003327737198701049
leaf_weight=179 72 52 551 16737 30 86 253 37
leaf_count=179 72 52 551 16737 30 86 253 37
internal_value=2.5241e-12 -0.000820241 0.000235628 5.19526e-05 -0.00271097 0.000485514 -0.00217779 -0.00353523
internal_weight=17997 1072 603 16925 188 116 469 290
internal_count=17997 1072 603 16925 188 116 469 290
is_linear=0
shrinkage=0.0354478


Tree=95
num_leaves=9
num_cat=0
split_feature=6 0 1 2 1 4 0 8
split_gain=0.607122 1.25336 1.25118 0.909653 2.20863 0.885073 0.865783 1.35588
threshold=0.73632538490235255 3.0072953957976938 -1.1348158986158479 58.835014779825897 -4.613870338897395 0.94481574352305386 6.0778097924040919 0.81764811066513399
decision_type=2 8 10 10 10 10 10 2
left_child=5 2 3 4 -2 -1 7 -3
right_child=1 6 -4 -5 -6 -7 -8 -9
leaf_value=0.0078982354779306291 -0.008917552370252645 0.0015916548364972695 -0.0093913479561511196 0.0021852080438580284 0.0013324446760881988 -0.00011401960158120151 -3.3811081727898455e-05 -0.0048257428377470879
leaf_weight=30 50 692 31 53 56 41 17000 44
leaf_count=30 50 692 31 53 56 41 17000 44
internal_value=-7.98321e-12 -1.29573e-05 -0.00287672 -0.00160657 -0.00350246 0.00327144 1.77212e-05 0.00120801
internal_weight=17997 17926 190 159 106 71 17736 736
internal_count=17997 17926 190 159 106 71 17736 736
is_linear=0
shrinkage=0.0354478


Tree=96
num_leaves=9
num_cat=0
split_feature=6 2 0 4 2 5 0 2
split_gain=0.616223 1.66237 1.31065 1.2099 2.02531 3.82794 1.73984 1.48872
threshold=0.80428301563024196 -74.101000933504693 18.415846477644912 0.92169841239554107 65.290867603136107 45.169219931831478 11.117004722481559 -32.557043324042446
decision_type=2 10 10 10 10 2 10 10
left_child=1 -1 3 7 5 -5 -6 -3
right_child=-2 2 -4 4 6 -7 -8 -9
leaf_value=0.0060911260850321485 4.2036549439999068e-05 -0.004934583369600537 -0.0062205777034839461 0.00527301957360492 0.0018628013458407415 -0.0077567817691672576 -0.0047876304826168338 0.0029992880755435516
leaf_weight=39 17287 37 65 36 181 133 68 151
leaf_count=39 17287 37 65 36 181 133 68 151
internal_value=6.45701e-13 -0.0010235 -0.00143702 -0.000923931 -0.00198616 -0.0049812 4.66192e-05 0.00143783
internal_weight=17997 710 671 606 418 169 249 188
internal_count=17997 710 671 606 418 169 249 188
is_linear=0
shrinkage=0.0354478


Tree=97
num_leaves=9
num_cat=0
split_feature=8 8 2 1 5 6 1 1
split_gain=0.617974 1.51839 2.12267 1.75629 1.50792 1.40078 1.63801 1.45228
threshold=0.83099991370800097 0.80551333408543468 -16.461731582693574 -3.6065582535832905 59.083036796071092 0.9807070065769613 -2.7881002371093984 -1.7232895422026104
decision_type=2 2 10 10 2 2 8 10
left_child=1 -1 -3 4 -4 6 -2 -8
right_child=5 2 3 -5 -6 -7 7 -9
leaf_value=-1.1070075006592228e-05 0.0020817350638187545 0.0013369341470328322 0.0032543393860515685 -0.0059553321599294879 -0.0064523998936803287 0.0016267897290825767 -0.0078730013958172741 -0.00094782128473487506
leaf_weight=15897 233 143 61 186 30 877 41 529
leaf_count=15897 233 143 61 186 30 877 41 529
internal_value=-7.22011e-12 -6.66513e-05 -0.0021704 -0.00398104 5.43154e-05 0.00064735 -0.000422349 -0.00144595
internal_weight=17997 16317 420 277 91 1680 803 570
internal_count=17997 16317 420 277 91 1680 803 570
is_linear=0
shrinkage=0.0354478


Tree=98
num_leaves=9
num_cat=0
split_feature=2 4 5 7 0 5 6 7
split_gain=0.613211 1.19965 2.51328 1.64152 1.2798 1.00443 0.856361 1.63061
threshold=-80.288011005115933 0.9645366963229115 42.015365814017123 0.0058753303741204289 17.703466442241194 37.259670812935347 0.80428301563024196 0.010604665660620917
decision_type=8 8 2 2 10 2 2 2
left_child=1 2 5 4 -3 -1 7 -2
right_child=6 3 -4 -5 -6 -7 -8 -9
leaf_value=2.0189371961025345e-05 -0.0015650169290425506 -0.0026205667076110539 0.0068974634199614176 0.0022148702605016383 -0.012222330908953605 -0.0086072199792691893 7.2494706174914064e-05 0.0067519026827831232
leaf_weight=39 666 33 47 30 37 30 17084 31
leaf_count=39 666 33 47 30 37 30 17084 31
internal_value=-8.80501e-14 -0.00187735 0.000575445 -0.00472259 -0.00769578 -0.00373086 2.28057e-05 -0.00119511
internal_weight=17997 216 116 100 70 69 17781 697
internal_count=17997 216 116 100 70 69 17781 697
is_linear=0
shrinkage=0.0354478


Tree=99
num_leaves=9
num_cat=0
split_feature=1 5 1 5 0 0 1 5
split_gain=0.61905 1.07884 1.09782 1.76906 1.81401 1.84966 1.63537 1.49918
threshold=-1.6313833665167718 18.630610475864568 -11.920807829677202 32.93353199257178 40.274513657301419 20.114573056702774 -13.424075688109895 67.016837082990506
decision_type=8 2 8 2 10 10 10 2
left_child=1 -1 6 4 5 -4 -3 -5
right_child=-2 2 3 7 -6 -7 -8 -9
leaf_value=-0.0068216182704343587 0.00019561168651895537 1.3064497051284445e-05 -0.00048703669016584222 -0.00020445338364234646 0.00071954528734732598 -0.010177096096453033 0.00239376229140557 -0.0024325732798789693
leaf_weight=31 9546 2468 38 4943 64 71 425 411
leaf_count=31 9546 2468 38 4943 64 71 425 411
internal_value=7.42556e-12 -0.000220957 -0.000196655 -0.000489494 -0.00401752 -0.00679891 0.000362804 -0.000375495
internal_weight=17997 8451 8420 5527 173 109 2893 5354
internal_count=17997 8451 8420 5527 173 109 2893 5354
is_linear=0
shrinkage=0.0354478


end of trees

feature_importances:
bb_width=138
rsi_14=119
mpo=116
market_energy=111
compression_index=101
atr_ratio=85
energy_slope=66
candle_body_ratio=63
mpo_bias=1

parameters:
[boosting: gbdt]
[objective: regression]
[metric: l2]
[tree_learner: serial]
[device_type: cpu]
[data_sample_strategy: bagging]
[data: ]
[valid: ]
[num_iterations: 100]
[learning_rate: 0.0354478]
[num_leaves: 9]
[num_threads: 0]
[seed: 0]
[deterministic: 0]
[force_col_wise: 0]
[force_row_wise: 0]
[histogram_pool_size: -1]
[max_depth: -1]
[min_data_in_leaf: 30]
[min_sum_hessian_in_leaf: 0.001]
[bagging_fraction: 1]
[pos_bagging_fraction: 1]
[neg_bagging_fraction: 1]
[bagging_freq: 0]
[bagging_seed: 3]
[bagging_by_query: 0]
[feature_fraction: 0.899422]
[feature_fraction_bynode: 1]
[feature_fraction_seed: 2]
[extra_trees: 0]
[extra_seed: 6]
[early_stopping_round: 0]
[early_stopping_min_delta: 0]
[first_metric_only: 0]
[max_delta_step: 0]
[lambda_l1: 0]
[lambda_l2: 0]
[linear_lambda: 0]
[min_gain_to_split: 0]
[drop_rate: 0.1]
[max_drop: 50]
[skip_drop: 0.5]
[xgboost_dart_mode: 0]
[uniform_drop: 0]
[drop_seed: 4]
[top_rate: 0.2]
[other_rate: 0.1]
[min_data_per_group: 100]
[max_cat_threshold: 32]
[cat_l2: 10]
[cat_smooth: 10]
[max_cat_to_onehot: 4]
[top_k: 20]
[monotone_constraints: ]
[monotone_constraints_method: basic]
[monotone_penalty: 0]
[feature_contri: ]
[forcedsplits_filename: ]
[refit_decay_rate: 0.9]
[cegb_tradeoff: 1]
[cegb_penalty_split: 0]
[cegb_penalty_feature_lazy: ]
[cegb_penalty_feature_coupled: ]
[path_smooth: 0]
[interaction_constraints: ]
[verbosity: 1]
[saved_feature_importance_type: 0]
[use_quantized_grad: 0]
[num_grad_quant_bins: 4]
[quant_train_renew_leaf: 0]
[stochastic_rounding: 1]
[linear_tree: 0]
[max_bin: 255]
[max_bin_by_feature: ]
[min_data_in_bin: 3]
[bin_construct_sample_cnt: 200000]
[data_random_seed: 1]
[is_enable_sparse: 1]
[enable_bundle: 1]
[use_missing: 1]
[zero_as_missing: 0]
[feature_pre_filter: 1]
[pre_partition: 0]
[two_round: 0]
[header: 0]
[label_column: ]
[weight_column: ]
[group_column: ]
[ignore_column: ]
[categorical_feature: ]
[forcedbins_filename: ]
[precise_float_parser: 0]
[parser_config_file: ]
[objective_seed: 5]
[num_class: 1]
[is_unbalance: 0]
[scale_pos_weight: 1]
[sigmoid: 1]
[boost_from_average: 1]
[reg_sqrt: 0]
[alpha: 0.9]
[fair_c: 1]
[poisson_max_delta_step: 0.7]
[tweedie_variance_power: 1.5]
[lambdarank_truncation_level: 30]
[lambdarank_norm: 1]
[label_gain: ]
[lambdarank_position_bias_regularization: 0]
[eval_at: ]
[multi_error_top_k: 1]
[auc_mu_weights: ]
[num_machines: 1]
[local_listen_port: 12400]
[time_out: 120]
[machine_list_filename: ]
[machines: ]
[gpu_platform_id: -1]
[gpu_device_id: -1]
[gpu_use_dp: 0]
[num_gpu: 1]

end of parameters

pandas_categorical:[]
