tree
version=v4
num_class=1
num_tree_per_iteration=1
label_index=0
max_feature_idx=11
objective=regression
feature_names=market_energy energy_slope mpo mpo_bias compression_index rsi_14 atr_ratio bb_width candle_body_ratio side hour_of_day is_ny_open
feature_infos=[0.12302383105447831:93.803209597503979] [-54.925755444725965:62.796685134816961] [-89.927177681607489:90.165436242314399] [-1:1] [3.1641844699947796e-10:1] [10.824066837075192:91.137433998576697] [0.5257911735095977:1.9926896780517205] [0.00024429740941338089:0.068798922789849407] [0:0.99999999956933672] -1:0:1 -1:19:4:14:2:8:15:11:12:21:13:9:6:10:17:20:18:22:16:1:7:5:3:23 -1:0:1
tree_sizes=807 866 881 882 871 896 882 866 875 871 861 890 861 892 879 884 903 875 853 896 875 882 866 865 858 890 853 861 885 878 886 858 854 874 914 863 861 864 863 868 880 856 870 863 890 874 860 886 873 856 855 861 875 858 874 898 863 885 892 856 899 890 864 872 885 868 869 880 883 867 891 869 887 874 858 894 881 888 893 862 889 858 885 871 886 873 883 887 864 882 864 858 869 893 867 873 875 874 869 899

Tree=0
num_leaves=8
num_cat=3
split_feature=10 9 10 6 5 6 5
split_gain=3.87519 2.83504 1.79271 1.87559 2.07737 1.83782 1.51148
threshold=0 1 2 1.0702379115124543 50.052209578637644 1.1892784513313936 40.332796008304292
decision_type=9 1 9 2 2 2 2
left_child=1 -1 3 6 -5 -6 -3
right_child=-2 2 -4 4 5 -7 -8
leaf_value=0.77799056285724899 0.77917402611791398 0.79018112403979135 0.77515677105706449 0.7699692175517131 0.7393144927114611 0.76660056647036667 0.77043340175583563
leaf_weight=1073 3854 21 687 60 30 21 254
leaf_count=1073 3854 21 687 60 30 21 254
internal_value=0.777833 0.775431 0.772848 0.769036 0.761047 0.75055 0.771941
internal_weight=6000 2146 1073 386 111 51 275
internal_count=6000 2146 1073 386 111 51 275
cat_boundaries=0 1 2 3
cat_threshold=3047536 1 2490368
is_linear=0
shrinkage=1


Tree=1
num_leaves=8
num_cat=3
split_feature=10 9 10 6 2 2 2
split_gain=3.39239 1.99483 1.95572 1.61961 2.04201 1.52722 1.51811
threshold=0 1 2 1.0702379115124543 2.0213906454402024 -66.840127151218013 -39.293543647858122
decision_type=9 1 9 2 10 10 10
left_child=1 5 3 -3 6 -1 -5
right_child=-2 2 -4 4 -6 -7 -8
leaf_value=0.010985021046892193 0.0013824066432032728 -0.0054751195348923991 -0.0020382683323215442 -0.022215033581349668 -0.026591386207340681 -0.00059168009798124402 0.00082024303918756727
leaf_weight=60 3578 275 825 22 48 1151 41
leaf_count=60 3578 275 825 22 48 1151 41
internal_value=-1.57789e-07 -0.00203989 -0.00407853 -0.00817461 -0.015599 -1.81028e-05 -0.00722382
internal_weight=6000 2422 1211 386 111 1211 63
internal_count=6000 2422 1211 386 111 1211 63
cat_boundaries=0 1 2 3
cat_threshold=3047540 1 2490368
is_linear=0
shrinkage=0.0707417


Tree=2
num_leaves=8
num_cat=1
split_feature=9 5 6 2 7 5 7
split_gain=1.75487 2.1047 3.30557 1.77479 2.24078 1.70131 1.63395
threshold=0 76.125779838847421 1.1875662040498951 42.839160952676863 0.0048259558132873279 52.847913314052334 0.0025436414468038258
decision_type=1 2 2 10 2 2 2
left_child=-1 3 -3 5 -5 -2 -7
right_child=1 2 -4 4 -6 6 -8
leaf_value=0.0012096019707417258 -0.0010427584870525068 0.0027398598008680978 -0.031951324884013088 -0.0017774940568741206 0.0046923244891024984 0.0038186940798327807 -0.007773321762189209
leaf_weight=3000 1407 27 28 556 517 72 393
leaf_count=3000 1407 27 28 556 517 72 393
internal_value=-2.23429e-07 -0.00121005 -0.0149211 -0.000953985 0.00133984 -0.00226877 -0.00597843
internal_weight=6000 3000 55 2945 1073 1872 465
internal_count=6000 3000 55 2945 1073 1872 465
cat_boundaries=0 1
cat_threshold=1
is_linear=0
shrinkage=0.0707417


Tree=3
num_leaves=8
num_cat=1
split_feature=9 5 6 2 6 7 2
split_gain=1.51537 1.81745 2.85443 1.53257 2.17308 1.51666 1.83161
threshold=0 76.125779838847421 1.1875662040498951 42.839160952676863 0.90497728669144784 0.006632583979959663 -50.977429482118019
decision_type=1 2 2 10 2 2 10
left_child=5 3 -3 -2 -5 -1 -7
right_child=1 2 -4 4 -6 6 -8
leaf_value=0.0022151697568698228 -0.0021082703720928767 0.0025460372935230033 -0.029691035550365036 -0.0024510652465585081 0.003987143188960816 0.0064771003076599708 -0.0024392030920304063
leaf_weight=2040 1872 27 28 457 616 134 826
leaf_count=2040 1872 27 28 457 616 134 826
internal_value=-2.08125e-07 -0.00112445 -0.0138656 -0.000886499 0.00124505 0.00112403 -0.00119464
internal_weight=6000 3000 55 2945 1073 3000 960
internal_count=6000 3000 55 2945 1073 3000 960
cat_boundaries=0 1
cat_threshold=1
is_linear=0
shrinkage=0.0707417


Tree=4
num_leaves=8
num_cat=3
split_feature=10 9 10 0 7 8 2
split_gain=2.93804 2.59171 1.94242 2.3253 1.91848 1.60077 1.89125
threshold=0 1 2 5.2280576823619835 0.0038857716489168036 0.040660341105757704 -13.777881681041015
decision_type=9 1 9 10 2 2 8
left_child=1 4 3 -3 -1 6 -4
right_child=-2 2 5 -5 -6 -7 -8
leaf_value=0.0041898230483310454 0.0016359860552484027 -0.023447179674073441 0.001351556693186711 -0.0058510343604572506 -0.0011390564574000736 -0.0011681674641754046 -0.02509962638728799
leaf_weight=493 2862 41 24 451 1076 1022 31
leaf_count=493 2862 41 24 451 1076 1022 31
internal_value=-1.93184e-07 -0.00149292 -0.0035307 -0.00717162 0.000535346 -0.00178429 -0.0135573
internal_weight=6000 3138 1569 492 1569 1077 55
internal_count=6000 3138 1569 492 1569 1077 55
cat_boundaries=0 1 2 3
cat_threshold=11436662 1 10878976
is_linear=0
shrinkage=0.0707417


Tree=5
num_leaves=8
num_cat=1
split_feature=10 2 7 2 7 6 7
split_gain=2.64034 1.42035 1.61 1.12882 1.6396 1.423 1.09502
threshold=0 -62.043779669762465 0.0040235062378930295 46.149841888501165 0.0023612674749623635 0.92638956983172271 0.017517204997154125
decision_type=9 8 2 10 2 2 2
left_child=1 2 -1 4 -3 -5 -2
right_child=6 3 -4 5 -6 -7 -8
leaf_value=0.011022507734380542 0.0018672454046774921 0.0040693675238261907 -0.00064238944640376263 -0.0020890170528752227 -0.0036135896117111058 0.0030251010622893222 -0.0051518010465500573
leaf_weight=94 2704 152 160 704 1626 444 116
leaf_count=94 2704 152 160 704 1626 444 116
internal_value=1.33483e-08 -0.00139541 0.00367454 -0.00184029 -0.00295678 -0.000111083 0.00157294
internal_weight=6000 3180 254 2926 1778 1148 2820
internal_count=6000 3180 254 2926 1778 1148 2820
cat_boundaries=0 1
cat_threshold=4096630
is_linear=0
shrinkage=0.0707417


Tree=6
num_leaves=8
num_cat=1
split_feature=9 5 6 2 7 5 8
split_gain=1.12691 1.56388 2.42425 1.30466 1.95221 1.46238 1.43951
threshold=0 76.125779838847421 1.1875662040498951 42.839160952676863 0.0048259558132873279 52.847913314052334 0.11207814382805488
decision_type=1 2 2 10 2 2 2
left_child=-1 3 -3 5 6 -2 -5
right_child=1 2 -4 4 -6 -7 -8
leaf_value=0.00096950472774751573 -0.00073935927470504038 0.0023360778831593584 -0.027372690441215559 -0.012041055649946087 0.0043471119343960812 -0.0053153477293474312 -0.0004398313331635361
leaf_weight=3000 1407 27 28 60 517 465 496
leaf_count=3000 1407 27 28 60 517 465 496
internal_value=1.24917e-08 -0.00096948 -0.0127884 -0.000748753 0.00121793 -0.00187602 -0.00169176
internal_weight=6000 3000 55 2945 1073 1872 556
internal_count=6000 3000 55 2945 1073 1872 556
cat_boundaries=0 1
cat_threshold=1
is_linear=0
shrinkage=0.0707417


Tree=7
num_leaves=8
num_cat=3
split_feature=10 9 8 7 5 10 2
split_gain=2.36303 1.36212 1.53614 2.69286 2.24904 0.928069 1.55147
threshold=0 1 0.8475889810499746 0.0047366396910264027 54.804638482935879 2 -61.566085106034585
decision_type=9 1 2 2 2 9 8
left_child=1 2 -1 -4 -5 6 -2
right_child=5 -3 3 4 -6 -7 -8
leaf_value=0.00069792546482738823 0.0058360974352267316 -0.0044014692042986976 0.011796868029872053 -0.031259633646040966 -0.0010748030454977842 0.0019353537563457559 -0.00067969922014432353
leaf_weight=728 200 799 20 30 21 2066 2136
leaf_count=728 200 799 20 30 21 2066 2136
internal_value=1.16137e-08 -0.00232158 -0.000270754 -0.0102031 -0.0188306 0.000846142 -0.000121321
internal_weight=6000 1598 799 71 51 4402 2336
internal_count=6000 1598 799 71 51 4402 2336
cat_boundaries=0 1 2 3
cat_threshold=2523216 1 9979430
is_linear=0
shrinkage=0.0707417


Tree=8
num_leaves=8
num_cat=2
split_feature=10 9 4 6 4 6 5
split_gain=2.05475 0.950995 1.24438 1.64267 3.84896 2.21419 2.08587
threshold=0 1 0.97132570700872722 0.92444559636214418 0.82378404843347919 0.90262207106822323 52.734217884570391
decision_type=9 1 10 2 10 2 2
left_child=1 2 3 4 -1 -6 -5
right_child=-2 -3 -4 6 5 -7 -8
leaf_value=-0.015514234723325162 0.00086939123456089052 -0.0035857189925095575 0.0070010485614667457 -0.0028857713805067798 0.0054317456922638088 -0.019962291229781316 0.0058503213707853958
leaf_weight=116 4164 918 102 318 122 20 240
leaf_count=116 4164 918 102 318 122 20 240
internal_value=2.38947e-07 -0.00196501 -0.000365703 -0.00128655 -0.00595436 0.00185512 0.000871688
internal_weight=6000 1836 918 816 258 142 558
internal_count=6000 1836 918 816 258 142 558
cat_boundaries=0 1 2
cat_threshold=2523248 1
is_linear=0
shrinkage=0.0707417


Tree=9
num_leaves=8
num_cat=3
split_feature=10 7 9 10 8 1 5
split_gain=1.86815 1.61889 1.70793 2.11685 2.01642 2.38403 2.61116
threshold=0 0.0021254263173154189 1 2 0.8475889810499746 -10.017263829802046 53.968875513780553
decision_type=9 2 1 9 2 10 2
left_child=-1 -2 4 -4 -3 -6 -7
right_child=1 2 3 -5 5 6 -8
leaf_value=0.0015685833111851873 0.0041777406066162513 0.0009578169764389964 -0.0079741008762130236 -0.001717732475110835 -0.027918044036256591 -0.012422090854831383 0.0071718438874991521
leaf_weight=2320 280 1538 334 1366 24 77 61
leaf_count=2320 280 1538 334 1366 24 77 61
internal_value=3.24472e-07 -0.000989933 -0.00141842 -0.00300394 0.000167101 -0.00733982 -0.003761
internal_weight=6000 3680 3400 1700 1700 162 138
internal_count=6000 3680 3400 1700 1700 162 138
cat_boundaries=0 1 2 3
cat_threshold=4290952 1 10616832
is_linear=0
shrinkage=0.0707417


Tree=10
num_leaves=8
num_cat=0
split_feature=7 4 0 5 4 1 6
split_gain=1.0183 1.48288 1.26803 0.858958 0.706862 0.753235 0.72997
threshold=0.01714269117335401 0.074821640637142209 10.003785731858388 75.206419709351081 0.12209951021336581 7.4547581799880414 0.94939732175043512
decision_type=2 10 10 2 10 10 2
left_child=3 -2 -3 -1 -4 6 -6
right_child=1 2 4 -5 5 -7 -8
leaf_value=0.00033952441934470134 0.0062387904744863627 0.0094648484457428919 -0.018601058925002589 -0.0062114083639224276 -0.017505471851783128 0.0027920259863231634 -0.0060108933748477629
leaf_weight=5568 60 24 26 102 34 38 148
leaf_count=5568 60 24 26 102 34 38 148
internal_value=-6.56117e-07 -0.00382074 -0.00605619 0.000221677 -0.00757044 -0.00626682 -0.00815823
internal_weight=6000 330 270 5670 246 220 182
internal_count=6000 330 270 5670 246 220 182
is_linear=0
shrinkage=0.0707417


Tree=11
num_leaves=8
num_cat=1
split_feature=10 4 6 2 7 0 7
split_gain=1.64953 1.14777 1.34289 1.11803 1.22437 1.02833 0.808087
threshold=0 1.7562784559999047e-09 1.3572109715817995 -62.043779669762465 0.012770875115783982 49.577240074451119 0.0021907221859390697
decision_type=9 10 2 8 2 10 2
left_child=3 -2 -3 4 -1 -4 -5
right_child=1 2 5 6 -6 -7 -8
leaf_value=0.0048193079404102845 0.013463100760282754 0.0013531707531100235 -0.013832883360707305 0.0028910065901099759 -0.012623615795264767 0.0029824641418210963 -0.0018111834010474466
leaf_weight=238 38 2690 52 196 22 28 2736
leaf_count=238 38 2690 52 196 22 28 2736
internal_value=-6.09756e-07 0.00124763 0.00108456 -0.00109915 0.00334337 -0.00794751 -0.00149685
internal_weight=6000 2808 2770 3192 260 80 2932
internal_count=6000 2808 2770 3192 260 80 2932
cat_boundaries=0 1
cat_threshold=4097652
is_linear=0
shrinkage=0.0707417


Tree=12
num_leaves=8
num_cat=3
split_feature=10 9 8 7 5 10 6
split_gain=1.45667 0.896343 1.14663 2.29478 1.69442 0.845041 2.22843
threshold=0 1 0.8475889810499746 0.0047366396910264027 54.804638482935879 2 0.96712414552992998
decision_type=9 1 2 2 2 9 2
left_child=1 2 -1 -4 -5 -3 -7
right_child=-2 5 3 4 -6 6 -8
leaf_value=0.00067758175828826184 0.00066376418934814389 -0.0068210015646083602 0.011568345371592698 -0.027493104125051702 -0.0012931048648384439 -0.0062238633179839721 0.0028198015949302524
leaf_weight=728 4402 253 20 30 21 282 264
leaf_count=728 4402 253 20 30 21 282 264
internal_value=-5.6659e-07 -0.00182334 -0.000159327 -0.00874058 -0.0167049 -0.00351017 -0.00181781
internal_weight=6000 1598 799 71 51 799 546
internal_count=6000 1598 799 71 51 799 546
cat_boundaries=0 1 2 3
cat_threshold=2523216 1 393216
is_linear=0
shrinkage=0.0707417


Tree=13
num_leaves=8
num_cat=1
split_feature=10 2 0 7 7 0 2
split_gain=1.34132 1.21028 1.09473 1.07329 0.937143 1.01873 0.951789
threshold=0 -62.043779669762465 6.3436353182093344 0.012770875115783982 0.0031897298907961704 12.936715831134004 -75.919457361610895
decision_type=9 8 10 2 2 10 10
left_child=2 3 -1 -2 6 -6 -4
right_child=1 -3 4 -5 5 -7 -8
leaf_value=0.0094869527459785497 0.0045681188345538032 -0.0011231309633651929 -0.013515261198144135 -0.011631029163563412 -0.0025166515487115367 0.0029460047896408496 -0.00057453400291966616
leaf_weight=82 294 3652 30 22 200 1172 548
leaf_count=82 294 3652 30 22 200 1172 548
internal_value=-1.2525e-06 -0.0007578 0.00147258 0.00344033 0.00114312 0.0021497 -0.0012462
internal_weight=6000 3968 2032 316 1950 1372 578
internal_count=6000 3968 2032 316 1950 1372 578
cat_boundaries=0 1
cat_threshold=4274568
is_linear=0
shrinkage=0.0707417


Tree=14
num_leaves=8
num_cat=2
split_feature=10 5 5 10 1 5 5
split_gain=1.18504 0.905332 1.22644 0.944682 0.817147 0.774661 0.742474
threshold=0 54.804638482935879 49.151162410839 1 -16.473114781787682 79.114420113497587 81.217680472844464
decision_type=9 2 2 9 10 2 2
left_child=1 2 3 -1 -4 -2 -7
right_child=5 -3 4 -5 -6 6 -8
leaf_value=0.0022661095941879312 0.00063366375539267812 0.00039516576709147633 -0.017388488719753646 -0.0036791998417624889 -0.0058449916950197725 -0.017863311251283848 -0.0011847228064504479
leaf_weight=204 4606 534 36 356 208 22 34
leaf_count=204 4606 534 36 356 208 22 34
internal_value=-1.16387e-06 -0.00184894 -0.00336242 -0.00153864 -0.00754813 0.000531974 -0.00773703
internal_weight=6000 1338 804 560 244 4662 56
internal_count=6000 1338 804 560 244 4662 56
cat_boundaries=0 1 2
cat_threshold=2523152 2359296
is_linear=0
shrinkage=0.0707417


Tree=15
num_leaves=8
num_cat=1
split_feature=7 4 0 9 5 6 6
split_gain=0.793083 1.25899 1.08014 0.744689 1.53513 2.28749 1.38343
threshold=0.01714269117335401 0.074821640637142209 10.003785731858388 0 70.005571927999384 1.175273293580509 0.90631814273185707
decision_type=2 10 10 1 2 2 2
left_child=3 -2 -3 -1 6 -6 -5
right_child=1 2 -4 4 5 -7 -8
leaf_value=0.001005684304240797 0.0058965375065924966 0.0088927194884191804 -0.0068298732942989908 -0.0026790434497496094 -0.003130545566785309 -0.02468674355330806 0.0008259243152647619
leaf_weight=2835 60 24 246 805 120 31 1879
leaf_count=2835 60 24 246 805 120 31 1879
internal_value=-1.24817e-06 -0.00337252 -0.00543231 0.000194963 -0.000615758 -0.00755599 -0.000225305
internal_weight=6000 330 270 5670 2835 151 2684
internal_count=6000 330 270 5670 2835 151 2684
cat_boundaries=0 1
cat_threshold=1
is_linear=0
shrinkage=0.0707417


Tree=16
num_leaves=8
num_cat=1
split_feature=4 5 9 4 1 6 0
split_gain=0.687234 0.989817 0.705621 1.85968 1.40429 1.43644 2.14594
threshold=3.3707753810396927e-09 25.989479104662799 0 0.036404739966893924 -21.126290541348968 0.90631814273185707 35.443554446003198
decision_type=8 2 1 10 8 2 10
left_child=-1 -2 -3 -4 -5 6 -6
right_child=1 2 3 4 5 -7 -8
leaf_value=0.0052985250851970101 -0.0098260933220553383 0.00075577775739915567 -0.0066604329438722043 -0.0079731456090282767 -0.0015822388792217129 0.0012461021821440965 -0.019482190442166154
leaf_weight=120 52 2914 248 113 791 1727 35
leaf_count=120 52 2914 248 113 791 1727 35
internal_value=-1.15991e-06 -0.000109317 -2.26194e-05 -0.000801016 -0.000255954 8.56212e-05 -0.00234071
internal_weight=6000 5880 5828 2914 2666 2553 826
internal_count=6000 5880 5828 2914 2666 2553 826
cat_boundaries=0 1
cat_threshold=1
is_linear=0
shrinkage=0.0707417


Tree=17
num_leaves=8
num_cat=3
split_feature=10 5 0 9 10 7 4
split_gain=1.07973 1.07004 1.14632 1.03288 2.45731 1.63295 1.91546
threshold=0 50.570324676541105 15.778771035976623 1 2 0.010706965356327756 0.72938624276698338
decision_type=9 2 8 1 9 2 10
left_child=1 2 -1 -2 -5 -6 -7
right_child=3 -3 -4 4 5 6 -8
leaf_value=-0.006614244241887085 0.00051633012624736387 0.0033747038897114622 0.00090577154744705989 -0.0041268549173905803 0.0014799151380513382 -0.012577772746692594 0.0065424086701853096
leaf_weight=122 2230 816 602 1040 1063 90 37
leaf_count=122 2230 816 602 1040 1063 90 37
internal_value=-1.07784e-06 0.0016078 -0.000361413 -0.000558962 -0.00163676 0.000569349 -0.00700733
internal_weight=6000 1540 724 4460 2230 1190 127
internal_count=6000 1540 724 4460 2230 1190 127
cat_boundaries=0 1 2 3
cat_threshold=80136 1 15597586
is_linear=0
shrinkage=0.0707417


Tree=18
num_leaves=8
num_cat=0
split_feature=7 4 4 1 7 6 5
split_gain=0.646194 1.09559 0.728128 0.803163 0.731274 0.72133 0.628037
threshold=0.01714269117335401 0.074821640637142209 0.12209951021336581 -7.2158203899226452 0.018918219006479154 1.175273293580509 55.056102743579864
decision_type=2 10 10 10 2 2 2
left_child=-1 5 -3 -4 -5 -2 -6
right_child=1 2 3 4 6 -7 -8
leaf_value=0.00017562321513322479 -0.0053672885208693091 -0.0162200287571325 -0.0088938795468911473 -0.010864234782238502 -0.0018652800295825426 0.011086768718644136 0.0088173536183747889
leaf_weight=5670 20 26 94 28 80 40 42
leaf_count=5670 20 26 94 28 80 40 42
internal_value=-1.48816e-06 -0.00304458 -0.00496606 -0.00376687 -0.000553947 0.00560208 0.00181235
internal_weight=6000 330 270 244 150 60 122
internal_count=6000 330 270 244 150 60 122
is_linear=0
shrinkage=0.0707417


Tree=19
num_leaves=8
num_cat=1
split_feature=10 4 6 4 6 6 6
split_gain=0.98622 0.908495 1.09525 0.87967 1.79684 0.960765 1.44079
threshold=0 1.7562784559999047e-09 1.3572109715817995 0.65842120703463047 0.89273808372138086 1.0504320639480962 1.3290586192604581
decision_type=9 10 2 10 2 2 2
left_child=3 -2 -3 4 -1 -6 -7
right_child=1 2 -4 -5 5 6 -8
leaf_value=-0.01211978974615581 0.011831132968721894 0.0010607727492964601 -0.0073386731825050289 0.00029326430783437009 0.00042687312730867226 -0.004291939597750513 0.0052261600106933209
leaf_weight=84 38 2690 80 1634 696 688 90
leaf_count=84 38 2690 80 1634 696 688 90
internal_value=-1.38282e-06 0.000963793 0.000818189 -0.000850801 -0.00205614 -0.00148263 -0.00319087
internal_weight=6000 2808 2770 3192 1558 1474 778
internal_count=6000 2808 2770 3192 1558 1474 778
cat_boundaries=0 1
cat_threshold=4097652
is_linear=0
shrinkage=0.0707417


Tree=20
num_leaves=8
num_cat=3
split_feature=10 7 10 9 5 8 7
split_gain=0.857046 0.882638 0.859849 1.44346 1.60807 1.88778 1.43587
threshold=0 0.006736431452579743 1 2 57.920541599323968 0.13855230296758939 0.0053001214578717358
decision_type=9 2 9 1 2 2 2
left_child=-1 2 3 -2 -5 -6 -7
right_child=1 -3 -4 4 5 6 -8
leaf_value=0.0012911256803376429 0.0011752302724581929 -0.0020159539485339753 0.0011438779083754855 -0.0018006960559432594 -0.0287083680819494 -0.0025312281746600381 -0.022455016703760735
leaf_weight=1790 548 1386 1728 416 24 85 23
leaf_count=1790 548 1386 1728 416 24 85 23
internal_value=-1.28502e-06 -0.000552544 0.000163731 -0.00137946 -0.00395933 -0.0107623 -0.00677426
internal_weight=6000 4210 2824 1096 548 132 108
internal_count=6000 4210 2824 1096 548 132 108
cat_boundaries=0 1 2 3
cat_threshold=4274440 9830512 1
is_linear=0
shrinkage=0.0707417


Tree=21
num_leaves=8
num_cat=2
split_feature=10 5 2 4 2 2 10
split_gain=0.747254 0.897309 0.88973 1.37548 0.981259 0.844507 1.89771
threshold=0 50.570324676541105 70.670870896439638 0.90928164968692293 76.268031436013402 -19.274166787333005 1
decision_type=9 2 10 10 10 8 9
left_child=1 -1 -3 4 -4 6 -2
right_child=5 2 3 -5 -6 -7 -8
leaf_value=-0.000466628177478776 -0.0013315350902922149 0.0040632640211443966 -0.017483889430043517 0.0040372415456392009 -0.00016072781276229071 -0.0011772039581115202 0.0036221516752981383
leaf_weight=724 868 666 36 84 30 2908 684
leaf_count=724 868 666 36 84 30 2908 684
internal_value=-9.07031e-07 0.00133754 0.00295468 -0.00196742 -0.00960973 -0.000465016 0.000866421
internal_weight=6000 1540 816 150 66 4460 1552
internal_count=6000 1540 816 150 66 4460 1552
cat_boundaries=0 1 2
cat_threshold=80136 1999508
is_linear=0
shrinkage=0.0707417


Tree=22
num_leaves=8
num_cat=3
split_feature=10 1 10 9 8 5 1
split_gain=0.687507 0.673267 1.51794 1.38877 1.46226 1.24629 2.08338
threshold=0 -8.5585357936813971 1 2 0.77436939503301949 38.620417259030738 -11.659674129957292
decision_type=9 8 9 1 2 2 8
left_child=-1 2 -2 4 -4 -5 -7
right_child=1 -3 3 5 -6 6 -8
leaf_value=-0.0011373495116905579 0.0014319929671837289 0.00099577154944849961 0.0016203231757565201 -0.023830682611485431 -0.018016586762736934 -0.00038505897388605559 -0.015279859173962452
leaf_weight=1836 524 3204 197 23 21 116 79
leaf_count=1836 524 3204 197 23 21 116 79
internal_value=-5.7283e-07 0.000502183 -0.00113994 -0.00416822 -0.000271306 -0.00825634 -0.00641936
internal_weight=6000 4164 960 436 218 218 195
internal_count=6000 4164 960 436 218 218 195
cat_boundaries=0 1 2 3
cat_threshold=2523248 88842 1
is_linear=0
shrinkage=0.0707417


Tree=23
num_leaves=8
num_cat=0
split_feature=4 5 0 5 1 1 5
split_gain=0.554181 0.808196 0.628068 0.618751 0.794069 1.17094 0.79263
threshold=3.3707753810396927e-09 25.989479104662799 57.354544990994548 75.206419709351081 0.65493413567242531 -11.202107182336766 73.035103944417713
decision_type=8 2 10 2 10 10 2
left_child=2 -2 -1 6 5 -5 -3
right_child=1 3 -4 4 -6 -7 -8
leaf_value=-0.00071262942632134064 -0.0088777945185671472 -1.4993708656434622e-06 0.0095459056664131819 0.0012977861567815055 0.00061019748199113866 -0.018874811726503519 0.0079156721664515907
leaf_weight=56 52 5642 64 24 62 36 64
leaf_count=56 52 5642 64 24 62 36 64
internal_value=-4.97524e-07 -9.76217e-05 0.00475859 -1.92812e-05 -0.00500421 -0.0108058 8.73017e-05
internal_weight=6000 5880 120 5828 122 60 5706
internal_count=6000 5880 120 5828 122 60 5706
is_linear=0
shrinkage=0.0707417


Tree=24
num_leaves=8
num_cat=2
split_feature=10 9 2 5 0 7 0
split_gain=0.627499 0.776548 2.35713 1.54883 2.34402 1.7959 1.20819
threshold=0 1 43.728166660214278 52.847913314052334 33.886643373118943 0.0068524030290827509 13.689336532217759
decision_type=9 1 10 2 10 2 10
left_child=1 -1 3 6 5 -5 -3
right_child=-2 2 -4 4 -6 -7 -8
leaf_value=0.00034892724030405266 0.00028431774653993861 0.011827196544630474 0.003635165189670581 -0.042152775806033722 -0.0013752035874097083 -0.012896357932777613 -0.0065212993527793096
leaf_weight=400 5200 20 133 21 29 21 176
leaf_count=400 5200 20 133 21 29 21 176
internal_value=-4.62357e-07 -0.00183218 -0.0040591 -0.00789183 -0.0168438 -0.0275246 -0.004649
internal_weight=6000 800 400 267 71 42 196
internal_count=6000 800 400 267 71 42 196
cat_boundaries=0 1 2
cat_threshold=393232 1
is_linear=0
shrinkage=0.0707417


Tree=25
num_leaves=8
num_cat=1
split_feature=10 2 2 0 4 5 4
split_gain=0.572783 1.09093 1.2157 1.48905 1.06118 1.05386 0.90143
threshold=0 9.8871549553498834 65.883045017352785 22.31856263818614 0.0054350363530312759 47.821503798070111 0.65842120703463047
decision_type=9 8 10 10 10 2 10
left_child=1 4 5 -4 -1 -3 -2
right_child=6 2 3 -5 -6 -7 -8
leaf_value=-0.0093855916633632987 -0.0013434830425394378 -0.0084233652283664407 0.0031664613185468813 -0.0095140191467425767 0.00011883123555113837 0.0056813921421994436 0.00062186313133779422
leaf_weight=66 2358 28 124 74 538 498 2314
leaf_count=66 2358 28 124 74 538 498 2314
internal_value=-3.96121e-07 0.00129041 0.00315205 -0.00157271 -0.000919732 0.00493057 -0.000369274
internal_weight=6000 1328 724 198 604 526 4672
internal_count=6000 1328 724 198 604 526 4672
cat_boundaries=0 1
cat_threshold=80128
is_linear=0
shrinkage=0.0707417


Tree=26
num_leaves=8
num_cat=3
split_feature=7 10 0 2 11 7 9
split_gain=0.531983 0.580658 1.30934 1.24203 1.26594 1.09921 1.03468
threshold=0.0014072512686305377 0 10.824545118516461 3.7324816288581242 1 0.0066846054996313976 2
decision_type=2 9 10 10 1 2 1
left_child=-1 2 -2 4 5 -4 -6
right_child=1 -3 3 -5 6 -7 -8
leaf_value=0.0052234270126349097 -0.014704562269231829 -0.00030501827428455367 0.0099365598739337563 0.0059788614915603413 -0.013628190845308013 -0.0047030684997414274 0.00035013361488172451
leaf_weight=96 22 5382 66 286 53 42 53
leaf_count=96 22 5382 66 286 53 42 53
internal_value=-3.68081e-07 -8.53078e-05 0.00214474 0.002929 -0.00114698 0.00424337 -0.00663903
internal_weight=6000 5904 522 500 214 108 106
internal_count=6000 5904 522 500 214 108 106
cat_boundaries=0 1 2 3
cat_threshold=65792 1 1
is_linear=0
shrinkage=0.0707417


Tree=27
num_leaves=8
num_cat=2
split_feature=10 9 2 5 0 0 5
split_gain=0.511102 0.886874 1.55649 2.33867 2.50904 2.04702 1.33615
threshold=0 1 43.728166660214278 51.772977280540339 31.84278898268634 8.6855554621590372 56.35231802450361
decision_type=9 1 10 2 10 10 2
left_child=1 -1 3 -3 6 -4 -5
right_child=-2 2 5 4 -6 -7 -8
leaf_value=0.00062975407478580694 0.00030371010605813537 -0.0025475813556425264 -0.018633653478254717 -0.037048346651555465 -0.0016844806362731305 0.004306594474762491 -0.015635464401085108
leaf_weight=533 4934 242 22 25 40 169 35
leaf_count=533 4934 242 22 25 40 169 35
internal_value=-3.7801e-07 -0.00139759 -0.00345116 -0.00630802 -0.0154083 0.00166426 -0.0245575
internal_weight=6000 1066 533 342 100 191 60
internal_count=6000 1066 533 342 100 191 60
cat_boundaries=0 1 2
cat_threshold=2490384 1
is_linear=0
shrinkage=0.0707417


Tree=28
num_leaves=8
num_cat=1
split_feature=4 5 8 7 10 0 5
split_gain=0.5221 0.657291 0.564388 0.790224 0.562046 1.17477 0.865604
threshold=3.3707753810396927e-09 25.989479104662799 0.57964691014536385 0.013851671634754483 0 10.824545118516461 79.114420113497587
decision_type=8 2 2 2 9 10 2
left_child=2 -2 3 -1 5 -3 -6
right_child=1 4 -4 -5 6 -7 -8
leaf_value=-0.0056083186861720048 -0.0080127366086876622 -0.013685821446536092 0.009805407788258216 0.010941928348047341 -0.00014700411226465615 0.0030410856064342954 -0.0093188978120272315
leaf_weight=42 52 22 56 22 5286 468 52
leaf_count=42 52 22 56 22 5286 468 52
internal_value=-3.15477e-07 -9.45865e-05 0.00461897 8.08287e-05 -2.39373e-05 0.00224428 -0.00023591
internal_weight=6000 5880 120 64 5828 490 5338
internal_count=6000 5880 120 64 5828 490 5338
cat_boundaries=0 1
cat_threshold=65792
is_linear=0
shrinkage=0.0707417


Tree=29
num_leaves=8
num_cat=3
split_feature=7 10 6 10 9 0 1
split_gain=0.477437 1.29092 0.802235 0.733715 1.06242 2.75756 2.07778
threshold=0.0020715031543040783 0 0.98869032285147951 1 2 5.2280576823619835 -1.8934518283301978
decision_type=2 9 2 9 1 10 10
left_child=1 2 -1 4 -2 6 -6
right_child=3 -3 -4 -5 5 -7 -8
leaf_value=0.0083880189064582649 0.0003926529895645861 -0.0014228239002793571 -0.0014687986206220311 0.00068134055192332693 -0.025567476665851265 -0.0016445838470106446 0.0015795108073140733
leaf_weight=176 1467 250 54 2586 43 1403 21
leaf_count=176 1467 250 54 2586 43 1403 21
internal_value=-2.93152e-07 0.00213967 0.00582073 -0.000186377 -0.000950258 -0.00229965 -0.0166599
internal_weight=6000 480 230 5520 2934 1467 64
internal_count=6000 480 230 5520 2934 1467 64
cat_boundaries=0 1 2 3
cat_threshold=12594694 11437654 1
is_linear=0
shrinkage=0.0707417


Tree=30
num_leaves=8
num_cat=2
split_feature=4 6 10 2 10 8 5
split_gain=0.453039 0.570683 1.85619 0.983659 0.972211 0.926772 0.815649
threshold=3.3707753810396927e-09 1.1169672615050867 0 -51.628496271732182 1 0.063360779755268617 28.656364681095592
decision_type=8 2 9 10 9 2 2
left_child=-1 4 -3 -4 -2 -5 -7
right_child=1 2 3 5 -6 6 -8
leaf_value=0.0043025844113522282 0.0026906554036339458 0.0017431868656732892 -0.015676822284872809 -0.016112625723624499 -0.00017528171897349991 -0.016881869575441813 -0.00230001854165978
leaf_weight=120 680 456 36 28 4182 20 478
leaf_count=120 680 456 36 28 4182 20 478
internal_value=-3.59818e-07 -8.8175e-05 -0.00161124 -0.0042877 0.000230722 -0.00358973 -0.00288564
internal_weight=6000 5880 1018 562 4862 526 498
internal_count=6000 5880 1018 562 4862 526 498
cat_boundaries=0 1 2
cat_threshold=6377908 98570
is_linear=0
shrinkage=0.0707417


Tree=31
num_leaves=8
num_cat=0
split_feature=7 4 0 6 8 4 5
split_gain=0.453006 0.843798 0.789947 0.602163 0.529382 0.745688 0.480262
threshold=0.01714269117335401 0.074821640637142209 10.003785731858388 1.175273293580509 0.21253742438882886 0.46975617834821343 75.206419709351081
decision_type=2 10 10 2 2 10 2
left_child=6 3 -3 -2 5 -4 -1
right_child=1 2 4 -5 -6 -7 -8
leaf_value=0.00023657926952183654 -0.0049818680138782124 0.0080164724866331975 0.0077359287113974717 0.010051732867648079 -0.007334144519206845 -0.0077884492678096454 -0.0046618432148188959
leaf_weight=5568 20 24 32 40 184 30 102
leaf_count=5568 20 24 32 40 184 30 102
internal_value=1.67718e-07 -0.00254775 -0.00423404 0.00504053 -0.00542921 0.000224133 0.000148459
internal_weight=6000 330 270 60 246 62 5670
internal_count=6000 330 270 60 246 62 5670
is_linear=0
shrinkage=0.0707417


Tree=32
num_leaves=8
num_cat=2
split_feature=7 10 5 9 8 8 2
split_gain=0.401808 1.10829 0.825544 0.99459 2.01136 1.27854 0.876104
threshold=0.0020715031543040783 0 46.838868731179709 1 0.54623306536983496 0.252526282714373 22.560011542387205
decision_type=2 9 2 1 2 2 10
left_child=1 -1 -3 4 -4 -5 -7
right_child=-2 2 3 5 -6 6 -8
leaf_value=0.0053743989294101685 -0.00017055460549898221 0.0046467631681623347 -0.0017900480992293283 -0.01261149714229501 -0.024674081380953537 -0.0055676095886501532 0.012421486051696729
leaf_weight=230 5520 78 57 24 29 20 42
leaf_count=230 5520 78 57 24 29 20 42
internal_value=1.5584e-07 0.00196333 -0.00133638 -0.00412737 -0.00950676 0.00125203 0.00661855
internal_weight=6000 480 250 172 86 86 62
internal_count=6000 480 250 172 86 86 62
cat_boundaries=0 1 2
cat_threshold=12594694 1
is_linear=0
shrinkage=0.0707417


Tree=33
num_leaves=8
num_cat=2
split_feature=2 10 5 1 2 10 2
split_gain=0.400046 1.18245 1.18381 0.85146 0.694919 0.640479 0.740301
threshold=-62.043779669762465 0 47.22499831053991 7.5819361141664334 -68.510335090699996 1 8.8700049902288232
decision_type=8 9 2 10 10 9 8
left_child=1 2 4 -3 -1 6 -2
right_child=5 3 -4 -5 -6 -7 -8
leaf_value=-0.0056359978164740579 -0.00088683135960586801 0.0054655356836659941 -0.017241124248744313 -0.0027979836177191813 0.0073702019362573501 -0.00052257518163934945 0.0031430411704876661
leaf_weight=52 384 312 28 78 34 4550 562
leaf_count=52 384 312 28 78 34 4550 562
internal_value=7.78496e-07 0.00190827 -0.00423578 0.00371751 -0.000494012 -0.000174144 0.00149147
internal_weight=6000 504 114 390 86 5496 946
internal_count=6000 504 114 390 86 5496 946
cat_boundaries=0 1 2
cat_threshold=135568 70016
is_linear=0
shrinkage=0.0707417


Tree=34
num_leaves=8
num_cat=1
split_feature=4 5 0 4 10 2 2
split_gain=0.388129 0.539626 0.516312 0.516082 0.725972 1.36304 0.995038
threshold=3.3707753810396927e-09 25.989479104662799 57.354544990994548 1.1196421123571555e-08 0 -24.381010600061327 46.149841888501165
decision_type=8 2 10 8 9 10 10
left_child=2 -2 -1 -3 -5 -6 -7
right_child=1 3 -4 4 5 6 -8
leaf_value=-0.00097719069504327355 -0.0072551103647708207 -0.0034597556548121452 0.0083239871289695483 0.0012539630979200361 0.0014997452956628855 -0.002970974084642918 -0.00015387683441804248
leaf_weight=56 52 210 64 1854 1212 1112 1440
leaf_count=56 52 210 64 1854 1212 1112 1440
internal_value=6.61793e-07 -8.06193e-05 0.00398344 -1.66054e-05 0.000112099 -0.000452468 -0.00138139
internal_weight=6000 5880 120 5828 5618 3764 2552
internal_count=6000 5880 120 5828 5618 3764 2552
cat_boundaries=0 1
cat_threshold=109448
is_linear=0
shrinkage=0.0707417


Tree=35
num_leaves=8
num_cat=2
split_feature=7 10 4 9 0 6 1
split_gain=0.387121 1.28862 0.680827 0.663687 1.5486 0.746428 0.495032
threshold=0.01714269117335401 0 0.074821640637142209 1 24.935488120572082 1.1204705785584783 4.4380567141429434
decision_type=2 9 10 1 10 2 10
left_child=6 3 -3 4 -2 -5 -1
right_child=1 2 -4 5 -6 -7 -8
leaf_value=0.00059084746843660637 -0.012059544763758773 0.00229996030086114 -0.0077580595523598205 0.016901864757695957 0.01094501846810518 0.00098580145812464273 -0.00082665284367298357
leaf_weight=3858 32 42 170 30 27 29 1812
leaf_count=3858 32 42 170 30 27 29 1812
internal_value=7.6284e-07 -0.0023546 -0.00550573 0.00347855 -0.00153203 0.00907872 0.000137847
internal_weight=6000 330 212 118 59 59 5670
internal_count=6000 330 212 118 59 59 5670
cat_boundaries=0 1 2
cat_threshold=10031140 1
is_linear=0
shrinkage=0.0707417


Tree=36
num_leaves=8
num_cat=2
split_feature=0 10 9 8 3 0 6
split_gain=0.378718 0.999774 0.731668 0.706401 0.836066 0.941543 0.77814
threshold=55.287132361159813 0 1 0.67978886350511292 1.0000000180025095e-35 62.158255414563605 1.0945448896865626
decision_type=8 9 1 2 2 10 2
left_child=-1 3 -3 4 -2 -6 -5
right_child=1 2 -4 6 5 -7 -8
leaf_value=-0.00016539902187512887 -0.002786172272640886 0.0096532824156564476 0.0014566780761073356 0.003410961191584929 0.013881634989134382 -0.00148659812777091 -0.012883443565077462
leaf_weight=5518 118 109 109 22 42 38 44
leaf_count=5518 118 109 109 22 42 38 44
internal_value=7.08855e-07 0.00190233 0.00531134 -0.00107321 0.000998836 0.00658172 -0.00745198
internal_weight=6000 482 218 264 198 80 66
internal_count=6000 482 218 264 198 80 66
cat_boundaries=0 1 2
cat_threshold=508544 1
is_linear=0
shrinkage=0.0707417


Tree=37
num_leaves=8
num_cat=1
split_feature=5 5 1 1 9 1 0
split_gain=0.372273 0.717707 0.610295 0.865417 0.586944 0.489504 0.548898
threshold=75.206419709351081 73.035103944417713 0.65493413567242531 -11.202107182336766 0 9.0190030190116239 49.577240074451119
decision_type=2 2 10 10 1 10 10
left_child=1 -1 3 -2 -3 -4 -7
right_child=2 4 5 -5 -6 6 -8
leaf_value=7.9047297359956104e-07 0.0016910174470979463 0.014090747540490788 0.010165849648792942 -0.015467769442804435 0.00074841677057491303 -0.010643716359523417 0.0041921762425960627
leaf_weight=5802 24 33 20 38 33 24 26
leaf_count=5802 24 33 20 38 33 24 26
internal_value=6.58718e-07 8.42329e-05 -0.00371459 -0.00882566 0.00741958 0.000812348 -0.00292905
internal_weight=6000 5868 132 62 66 70 50
internal_count=6000 5868 132 62 66 70 50
cat_boundaries=0 1
cat_threshold=1
is_linear=0
shrinkage=0.0707417


Tree=38
num_leaves=8
num_cat=2
split_feature=10 5 5 1 9 2 4
split_gain=0.33327 0.871706 0.945734 0.655421 0.961433 1.71777 0.561843
threshold=0 52.734217884570391 41.308170189229763 -2.8279994061763545 1 35.922795507369621 0.55490505268983725
decision_type=9 2 2 10 1 10 10
left_child=1 2 -1 4 -3 -6 -4
right_child=-2 3 6 -5 5 -7 -8
leaf_value=0.0016465313995245186 0.00016884509410853776 0.011267773922930966 -0.0037940296665159136 -0.0021503264191093624 -0.016006971661920784 0.0081674560955008954 -0.011339397412301709
leaf_weight=92 5452 62 116 130 24 38 86
leaf_count=92 5452 62 116 130 24 38 86
internal_value=6.12122e-07 -0.00164616 -0.00429869 0.00135927 0.00503869 -0.00119039 -0.00700641
internal_weight=6000 548 294 254 124 62 202
internal_count=6000 548 294 254 124 62 202
cat_boundaries=0 1 2
cat_threshold=131088 1
is_linear=0
shrinkage=0.0707417


Tree=39
num_leaves=8
num_cat=2
split_feature=7 6 6 10 6 1 9
split_gain=0.366944 0.656058 0.422724 1.46457 1.12738 1.155 1.24179
threshold=0.0014072512686305377 0.97268488599733416 0.88094973702013124 0 0.86984258406188786 8.627449754456185 1
decision_type=2 2 2 9 2 8 1
left_child=1 -1 3 4 5 -2 -7
right_child=2 -3 -4 -5 -6 6 -8
leaf_value=0.0073390500045568989 -0.00055521122337319419 -0.0070608816103142624 0.0002244526804538981 0.0012736014766965376 -0.010048332951413129 -0.0011502882904061804 -0.017957237668655462
leaf_weight=76 378 20 4754 568 116 44 44
leaf_count=76 378 20 4754 568 116 44 44
internal_value=5.8871e-07 0.00433906 -6.99556e-05 -0.00128701 -0.00374359 -0.00225451 -0.00955376
internal_weight=6000 96 5904 1150 582 466 88
internal_count=6000 96 5904 1150 582 466 88
cat_boundaries=0 1 2
cat_threshold=11034934 1
is_linear=0
shrinkage=0.0707417


Tree=40
num_leaves=8
num_cat=3
split_feature=1 10 0 10 5 8 10
split_gain=0.342654 1.36948 0.647177 1.18342 0.77881 0.814751 0.743766
threshold=-8.5585357936813971 0 14.87730820439865 1 50.276770817225355 0.11922125318557961 2
decision_type=8 9 10 9 2 2 9
left_child=1 -1 3 4 -2 -6 -4
right_child=2 -3 6 -5 5 -7 -8
leaf_value=0.0016122985076043883 0.011380697623226336 -0.0028169628130228584 -0.0028772974234624574 0.00049330805867778304 -0.010190606385182731 0.004933154419829883 0.00019857812781847554
leaf_weight=596 88 820 446 1004 20 164 2862
leaf_count=596 88 820 446 1004 20 164 2862
internal_value=6.97246e-07 -0.000961177 0.000297821 0.00165121 0.00569761 0.00328927 -0.000224223
internal_weight=6000 1416 4584 1276 272 184 3308
internal_count=6000 1416 4584 1276 272 184 3308
cat_boundaries=0 1 2 3
cat_threshold=2198378 4598784 4325472
is_linear=0
shrinkage=0.0707417


Tree=41
num_leaves=8
num_cat=2
split_feature=7 10 5 9 0 6 7
split_gain=0.340367 1.0946 0.624645 0.583731 1.30487 0.654988 0.481554
threshold=0.01714269117335401 0 70.86961974336883 1 24.935488120572082 1.1204705785584783 0.030231265157961557
decision_type=2 9 2 1 10 2 2
left_child=-1 3 6 4 -2 -5 -3
right_child=1 2 -4 5 -6 -7 -8
leaf_value=0.00012878830057506548 -0.011198946389097377 -0.0093371963632078239 0.0041056989564470141 0.015744086919033382 0.0099178692697088171 0.00083475008031523264 -0.0014530556447547732
leaf_weight=5670 32 126 30 30 27 29 56
leaf_count=5670 32 126 30 30 27 29 56
internal_value=2.4822e-07 -0.0022083 -0.0051112 0.00317146 -0.00153532 0.00841577 -0.00691131
internal_weight=6000 330 212 118 59 59 182
internal_count=6000 330 212 118 59 59 182
cat_boundaries=0 1 2
cat_threshold=10031140 1
is_linear=0
shrinkage=0.0707417


Tree=42
num_leaves=8
num_cat=1
split_feature=5 5 1 1 9 0 7
split_gain=0.333619 0.603311 0.538584 0.752282 0.509429 0.419363 0.414838
threshold=75.206419709351081 73.035103944417713 0.65493413567242531 -11.202107182336766 0 48.40333401666544 0.01714269117335401
decision_type=2 2 10 10 1 10 2
left_child=1 6 3 -2 -3 -4 -1
right_child=2 4 5 -5 -6 -7 -8
leaf_value=0.00014004812227478571 0.0014869308315805004 0.01301979868607854 -0.0042888213533978882 -0.01451101259685128 0.00058968669327544114 0.0067025739555576233 -0.0026049977424730448
leaf_weight=5512 24 33 38 38 33 32 290
leaf_count=5512 24 33 38 38 33 32 290
internal_value=2.30656e-07 7.93471e-05 -0.00351686 -0.00831826 0.00680474 0.000735817 2.84314e-06
internal_weight=6000 5868 132 62 66 70 5802
internal_count=6000 5868 132 62 66 70 5802
cat_boundaries=0 1
cat_threshold=1
is_linear=0
shrinkage=0.0707417


Tree=43
num_leaves=8
num_cat=0
split_feature=4 8 7 4 7 4 7
split_gain=0.320129 0.48755 0.651409 0.466789 0.50632 0.689341 1.15588
threshold=3.3707753810396927e-09 0.57964691014536385 0.013851671634754483 1.1196421123571555e-08 0.0027674426489597572 4.6076226722924227e-09 0.0080385621086886249
decision_type=8 2 2 8 2 10 2
left_child=1 2 -1 4 -2 6 -6
right_child=3 -3 -4 -5 5 -7 -8
leaf_value=-0.0057659516345678671 0.0055736236661885459 0.008437791312134256 0.0092604925750961846 4.948307512962122e-05 0.0066879355346631288 -0.007922302053093272 -0.01343449851322925
leaf_weight=42 28 56 22 5664 50 118 20
leaf_count=42 28 56 22 5664 50 118 20
internal_value=2.14324e-07 0.00361731 -0.000600611 -7.3604e-05 -0.00330122 -0.004623 0.000938669
internal_weight=6000 120 64 5880 216 188 70
internal_count=6000 120 64 5880 216 188 70
is_linear=0
shrinkage=0.0707417


Tree=44
num_leaves=8
num_cat=2
split_feature=7 10 8 8 6 7 10
split_gain=0.315664 1.14127 0.652861 0.646284 0.701833 0.632423 1.44699
threshold=0.0020715031543040783 0 0.53597598369122068 0.3576707712879158 0.82995178400066971 0.0032331972438914424 1
decision_type=2 9 2 2 2 2 9
left_child=1 -1 3 4 -3 6 -2
right_child=5 2 -4 -5 -6 -7 -8
leaf_value=0.0072846401095431135 0.0016501101697252833 0.011047111468964858 -0.0040713318383536409 0.0077850681835832762 -0.0026801002016051535 0.00022748981728232809 -0.0036112041022800571
leaf_weight=124 412 22 144 68 122 4416 692
leaf_count=124 412 22 144 68 122 4416 692
internal_value=1.99183e-07 0.00174025 -0.000384762 0.00210117 -0.000582887 -0.000151109 -0.00166551
internal_weight=6000 480 356 212 144 5520 1104
internal_count=6000 480 356 212 144 5520 1104
cat_boundaries=0 1 2
cat_threshold=8392196 2113990
is_linear=0
shrinkage=0.0707417


Tree=45
num_leaves=8
num_cat=2
split_feature=6 0 9 6 5 1 9
split_gain=0.30663 1.42141 1.20777 0.802033 1.00725 0.882449 0.8633
threshold=1.0680166447888155 15.106744545236738 0 0.98171949923794888 46.065820681351603 8.627449754456185 1
decision_type=2 10 1 2 2 10 1
left_child=3 2 -2 5 -5 -1 -7
right_child=1 -3 -4 4 -6 6 -8
leaf_value=0.00026137036096468335 -0.0014529257510917666 -0.00040874360197106375 -0.020888927864602298 0.0047239306244680522 0.00046043627817408397 -6.9503780717691127e-05 -0.0054999726491463171
leaf_weight=2534 32 1520 32 402 894 293 293
leaf_count=2534 32 1520 32 402 894 293 293
internal_value=8.12742e-07 -0.000843579 -0.0111709 0.000303692 0.00178291 -0.000310751 -0.00278474
internal_weight=6000 1584 64 4416 1296 3120 586
internal_count=6000 1584 64 4416 1296 3120 586
cat_boundaries=0 1 2
cat_threshold=1 1
is_linear=0
shrinkage=0.0707417


Tree=46
num_leaves=8
num_cat=2
split_feature=0 10 3 0 6 9 5
split_gain=0.308833 0.851683 0.722314 1.14436 1.09612 0.666264 0.904709
threshold=55.287132361159813 0 1.0000000180025095e-35 62.158255414563605 1.24587807401054 1 52.215400419256618
decision_type=8 9 2 10 2 1 2
left_child=-1 2 -2 -4 -5 -3 -7
right_child=1 5 3 4 -6 6 -8
leaf_value=-0.00014924583046108556 -0.0037897503834547182 0.0092916999005770197 0.011429795699543752 -0.011255641464574756 0.0090093602530027933 0.0074391254309474153 -0.005851529128357456
leaf_weight=5518 170 103 50 34 22 55 48
leaf_count=5518 170 103 50 34 22 55 48
internal_value=7.55239e-07 0.00171799 -0.000899488 0.00365098 -0.00329439 0.00502465 0.00124542
internal_weight=6000 482 276 106 56 206 103
internal_count=6000 482 276 106 56 206 103
cat_boundaries=0 1 2
cat_threshold=516736 1
is_linear=0
shrinkage=0.0707417


Tree=47
num_leaves=8
num_cat=2
split_feature=7 10 5 7 6 5 10
split_gain=0.294754 1.34755 1.2552 1.07107 0.990458 1.28221 0.877816
threshold=0.0067711385286422588 0 57.64858182749412 0.027099684389769816 0.96043327264489164 70.005571927999384 1
decision_type=2 9 2 2 2 2 9
left_child=6 2 3 -2 -4 -6 -1
right_child=1 -3 4 -5 5 -7 -8
leaf_value=-0.00070836669890688635 -0.0015498723495835701 -0.0026648310063418432 0.00022924937007618611 0.0099053954484350486 0.012031024666958467 -0.00080308249410896793 0.001344551651822367
leaf_weight=2052 570 910 140 44 128 56 2100
leaf_count=2052 570 910 140 44 128 56 2100
internal_value=7.01823e-07 -0.0007425 0.00113872 -0.000728974 0.00471325 0.00812499 0.000331491
internal_weight=6000 1848 938 614 324 184 4152
internal_count=6000 1848 938 614 324 184 4152
cat_boundaries=0 1 2
cat_threshold=14497904 14619248
is_linear=0
shrinkage=0.0707417


Tree=48
num_leaves=8
num_cat=1
split_feature=2 10 5 5 6 5 6
split_gain=0.298961 0.720362 0.552674 0.775489 0.834306 0.710449 0.607284
threshold=75.258405472827533 0 61.732154427147634 54.804638482935879 0.86397033689377223 64.59839674123144 0.96467991380049267
decision_type=10 9 2 2 2 2 2
left_child=-1 2 3 4 -2 -4 -5
right_child=1 -3 5 6 -6 -7 -8
leaf_value=-0.00015470099356950742 0.0024071882789823825 0.0037953246269126989 -0.016823126096086181 0.0072317477761038957 -0.012416667373060618 5.540312497017288e-05 -0.0065502250895612228
leaf_weight=5472 38 302 24 80 38 26 20
leaf_count=5472 38 302 24 80 38 26 20
internal_value=4.13003e-07 0.00160796 -0.00142008 0.000381677 -0.00500474 -0.00804629 0.00447535
internal_weight=6000 528 226 176 76 50 100
internal_count=6000 528 226 176 76 50 100
cat_boundaries=0 1
cat_threshold=5790736
is_linear=0
shrinkage=0.0707417


Tree=49
num_leaves=8
num_cat=2
split_feature=8 10 9 4 8 4 6
split_gain=0.294109 0.871771 2.42292 0.801395 0.745948 0.454585 0.439869
threshold=0.040660341105757704 0 1 0.61655149631903694 0.022956704982864968 0.76435389539666743 1.077091931116555
decision_type=2 9 1 10 2 8 2
left_child=1 2 3 -1 6 -4 -3
right_child=-2 4 5 -5 -6 -7 -8
leaf_value=0.012930769846560594 0.00010792597261219737 0.0078946263451568511 -0.012842292442068626 -0.004890593072432445 -0.0043490530735164823 -0.026327500817872343 -0.0035347736705322584
leaf_weight=23 5732 72 29 28 72 22 22
leaf_count=23 5732 72 29 28 72 22 22
internal_value=8.31255e-07 -0.00228972 -0.00706393 0.00314649 0.00100862 -0.0186594 0.00521966
internal_weight=6000 268 102 51 166 51 94
internal_count=6000 268 102 51 166 51 94
cat_boundaries=0 1 2
cat_threshold=4735536 1
is_linear=0
shrinkage=0.0707417


Tree=50
num_leaves=8
num_cat=3
split_feature=2 10 0 1 9 10 6
split_gain=0.288629 1.01552 0.797838 0.629051 0.757959 0.638077 0.498577
threshold=-62.043779669762465 0 14.992429427741488 7.5819361141664334 1 2 0.87830316718490808
decision_type=8 9 10 10 1 9 2
left_child=1 2 -1 5 -5 6 -3
right_child=-2 3 -4 4 -6 -7 -8
leaf_value=0.0033736808370486483 -0.00014780794692900029 -0.0060040005772557395 -0.007863773846189942 0.004935810700784346 -0.0088357549200806379 0.0076093691028841929 0.0039647952368206153
leaf_weight=50 5496 38 86 40 40 176 74
leaf_count=50 5496 38 86 40 40 176 74
internal_value=7.72454e-07 0.00162101 -0.00347672 0.0035042 -0.00194997 0.00514092 0.000534777
internal_weight=6000 504 136 368 80 288 112
internal_count=6000 504 136 368 80 288 112
cat_boundaries=0 1 2 3
cat_threshold=135616 1 11018256
is_linear=0
shrinkage=0.0707417


Tree=51
num_leaves=8
num_cat=3
split_feature=1 10 9 8 10 0 0
split_gain=0.277494 1.54443 0.882904 1.91789 1.81562 2.63789 1.95795
threshold=-9.6077714032421238 0 1 0.78568502510081684 2 20.671061805117635 12.037486713762855
decision_type=8 9 1 2 9 10 10
left_child=1 -1 3 -3 6 -6 -4
right_child=-2 2 4 -5 5 -7 -8
leaf_value=0.0012953083439226883 0.00024516307213662443 0.00095609877283568288 -0.031237536245282301 -0.019609175315368745 0.0071144108525633739 -0.010562138583794619 -0.0090216671573654181
leaf_weight=682 4776 246 27 25 85 84 75
leaf_count=682 4776 246 27 25 85 84 75
internal_value=1.61498e-06 -0.0009487 -0.00372747 -0.000941067 -0.00665141 -0.00157818 -0.0135718
internal_weight=6000 1224 542 271 271 169 102
internal_count=6000 1224 542 271 271 169 102
cat_boundaries=0 1 2 3
cat_threshold=2333546 1 12845072
is_linear=0
shrinkage=0.0707417


Tree=52
num_leaves=8
num_cat=2
split_feature=0 10 3 0 6 1 10
split_gain=0.271466 0.697557 0.671198 0.564444 0.999967 0.551269 1.89695
threshold=55.287132361159813 0 1.0000000180025095e-35 62.158255414563605 1.24587807401054 4.4380567141429434 1
decision_type=8 9 2 10 2 10 9
left_child=5 2 -2 -4 -5 -1 -7
right_child=1 -3 3 4 -6 6 -8
leaf_value=0.00029897945258222565 -0.004283653515728349 0.0041301709314586254 0.0095187083826703076 -0.0097739387040468931 0.010647089690704532 0.0020413164182843451 -0.0031232647844149021
leaf_weight=3988 142 248 42 30 20 548 982
leaf_count=3988 142 248 42 30 20 548 982
internal_value=1.65344e-06 0.00161165 -0.00118348 0.00347293 -0.00160553 -0.00013898 -0.00128054
internal_weight=6000 482 234 92 50 5518 1530
internal_count=6000 482 234 92 50 5518 1530
cat_boundaries=0 1 2
cat_threshold=385664 279442
is_linear=0
shrinkage=0.0707417


Tree=53
num_leaves=8
num_cat=2
split_feature=7 10 9 0 6 5 8
split_gain=0.278945 0.883659 0.525209 1.08628 0.55851 0.516197 0.422499
threshold=0.01714269117335401 0 1 22.164867100597942 1.1204705785584783 70.86961974336883 0.23570528774090901
decision_type=2 9 1 10 2 2 2
left_child=-1 2 3 -2 -4 6 -3
right_child=1 5 4 -5 -6 -7 -8
leaf_value=0.00011826148399407009 -0.012835722456767914 -0.00020348525656859774 0.014564617587208669 0.0065893995230495491 0.00079705497299885331 0.0037753684090650937 -0.008164310188178793
leaf_weight=5670 25 44 30 34 29 30 138
leaf_count=5670 25 44 30 34 29 30 138
internal_value=1.89586e-06 -0.00199748 0.0028375 -0.00164158 0.00779751 -0.00460526 -0.00623972
internal_weight=6000 330 118 59 59 212 182
internal_count=6000 330 118 59 59 212 182
cat_boundaries=0 1 2
cat_threshold=10031140 1
is_linear=0
shrinkage=0.0707417


Tree=54
num_leaves=8
num_cat=1
split_feature=5 5 1 1 1 9 4
split_gain=0.279592 0.514767 0.434257 0.67049 0.430312 0.428926 0.339502
threshold=75.206419709351081 73.035103944417713 0.65493413567242531 -11.202107182336766 9.0190030190116239 0 4.6076226722924227e-09
decision_type=2 2 10 10 10 1 8
left_child=1 6 3 -2 -4 -3 -1
right_child=2 5 4 -5 -6 -7 -8
leaf_value=0.0031182101446943955 0.0017274817980369188 0.011989372047825993 0.0093704334728392392 -0.013375753006979189 -0.0029072347619282721 0.00058360936068071448 -9.0493865268879254e-05
leaf_weight=170 24 33 20 38 50 33 5632
leaf_count=170 24 33 20 38 50 33 5632
internal_value=1.76176e-06 7.41893e-05 -0.00321797 -0.00752934 0.00060067 0.00628649 3.52194e-06
internal_weight=6000 5868 132 62 70 66 5802
internal_count=6000 5868 132 62 70 66 5802
cat_boundaries=0 1
cat_threshold=1
is_linear=0
shrinkage=0.0707417


Tree=55
num_leaves=8
num_cat=2
split_feature=6 10 10 0 7 1 6
split_gain=0.277701 2.33083 1.1741 1.08614 0.875811 0.819198 0.913103
threshold=1.0539904085879914 0 1 14.766284782098943 0.0021254263173154189 -9.6077714032421238 1.0414209676993844
decision_type=2 9 9 10 2 8 2
left_child=2 -2 5 -3 -5 -1 -7
right_child=1 3 -4 4 -6 6 -8
leaf_value=-0.0035851034728119459 0.0060566564008215492 -0.011034238993470518 0.0017617812690173336 -0.013294200115263175 -0.001084776201456996 -0.00030431545152353242 0.010229810213333626
leaf_weight=400 212 60 1676 30 1474 2106 42
leaf_count=400 212 60 1676 30 1474 2106 42
internal_value=1.63713e-06 -0.000740576 0.000313704 -0.00168986 -0.00132832 -0.000643189 -9.83409e-05
internal_weight=6000 1776 4224 1564 1504 2548 2148
internal_count=6000 1776 4224 1564 1504 2548 2148
cat_boundaries=0 1 2
cat_threshold=13111408 15618288
is_linear=0
shrinkage=0.0707417


Tree=56
num_leaves=8
num_cat=0
split_feature=7 6 6 6 4 4 6
split_gain=0.276017 0.528475 0.37731 1.18736 1.0891 0.698044 0.677885
threshold=0.0014072512686305377 0.97268488599733416 0.88094973702013124 0.86984258406188786 0.97579420120710403 0.95837771452134557 0.85341166775279564
decision_type=2 2 2 2 10 10 2
left_child=1 -1 3 4 -2 -5 -6
right_child=2 -3 -4 5 6 -7 -8
leaf_value=0.0064577180151861356 -0.0017853038675862895 -0.0064664081244024292 0.00021940472264002145 -0.0033836476458934182 0.001606696488866784 -0.0122733538110019 0.0097168460114259256
leaf_weight=76 632 20 4754 154 236 62 66
leaf_count=76 632 20 4754 154 236 62 66
internal_value=2.44316e-06 0.00376519 -5.87397e-05 -0.00120856 -0.000115439 -0.00593532 0.00337911
internal_weight=6000 96 5904 1150 934 216 302
internal_count=6000 96 5904 1150 934 216 302
is_linear=0
shrinkage=0.0707417


Tree=57
num_leaves=8
num_cat=3
split_feature=2 7 10 6 5 10 10
split_gain=0.254561 0.792476 0.734592 0.591567 0.443442 1.86181 1.2433
threshold=75.258405472827533 0.0032075956450254993 0 0.84174324679819679 48.145420929981491 1 2
decision_type=10 2 9 2 2 9 9
left_child=4 -2 3 -3 5 -1 -6
right_child=1 2 -4 -5 6 -7 -8
leaf_value=-0.001226740384135916 -0.0023250525669649066 -0.012135047885149457 0.0053950925557101391 0.00099960520928163367 0.00076732438527326392 0.0028827797740587132 -0.0019901494378816243
leaf_weight=1214 180 22 248 78 1572 996 1690
leaf_count=1214 180 22 248 78 1572 996 1690
internal_value=2.27032e-06 0.00148565 0.0034567 -0.0017182 -0.000140863 0.000632826 -0.000665036
internal_weight=6000 528 348 100 5472 2210 3262
internal_count=6000 528 348 100 5472 2210 3262
cat_boundaries=0 1 2 3
cat_threshold=6571266 1817172 10074388
is_linear=0
shrinkage=0.0707417


Tree=58
num_leaves=8
num_cat=3
split_feature=7 10 6 7 10 10 2
split_gain=0.254591 1.03997 0.605599 0.567495 1.20538 0.822639 0.812733
threshold=0.0020715031543040783 0 1.0068307319145096 0.0032331972438914424 1 2 75.622161908201676
decision_type=2 9 2 2 9 9 10
left_child=1 2 -1 4 -2 6 -5
right_child=3 -3 -4 5 -6 -7 -8
leaf_value=0.0095800119816845542 0.0014600883663006153 -0.00045809494333635937 -0.0038614629868036431 -0.0014147701498430155 -0.0033430679942254783 0.00099489827653430406 0.0045306996404059566
leaf_weight=104 412 356 20 1596 692 2696 124
leaf_count=104 412 356 20 1596 692 2696 124
internal_value=2.79685e-06 0.00156548 0.0068589 -0.000133088 -0.00156764 0.00022555 -0.000980443
internal_weight=6000 480 124 5520 1104 4416 1720
internal_count=6000 480 124 5520 1104 4416 1720
cat_boundaries=0 1 2 3
cat_threshold=12586496 2113990 2229974
is_linear=0
shrinkage=0.0707417


Tree=59
num_leaves=8
num_cat=2
split_feature=8 10 9 1 1 1 1
split_gain=0.251701 0.970012 1.1454 0.916417 1.29917 0.803992 1.77821
threshold=0.063360779755268617 0 1 -8.7490564220527638 5.5627295391866634 3.3271167261477239 -1.7708621944947536
decision_type=2 9 1 10 10 8 10
left_child=1 2 5 -4 -5 6 -1
right_child=-2 -3 3 4 -6 -7 -8
leaf_value=0.0040300505009395107 0.00012291584916306167 0.002025388410155031 -0.02163531271164177 -0.00074782368337618409 -0.021431316057874784 0.010093638581310745 -0.019155325033926661
leaf_weight=49 5612 182 27 55 21 29 25
leaf_count=49 5612 182 27 55 21 29 25
internal_value=2.4403e-06 -0.00174011 -0.00492609 -0.0104402 -0.006463 0.000109756 -0.00380285
internal_weight=6000 388 206 103 76 103 74
internal_count=6000 388 206 103 76 103 74
cat_boundaries=0 1 2
cat_threshold=6975024 1
is_linear=0
shrinkage=0.0707417


Tree=60
num_leaves=8
num_cat=2
split_feature=6 10 10 0 1 4 6
split_gain=0.252206 2.03221 1.05127 0.921093 0.839754 0.849069 0.813882
threshold=1.0539904085879914 0 1 14.766284782098943 -9.6077714032421238 0.82114423708016082 0.91392949825373859
decision_type=2 9 9 10 8 10 2
left_child=2 -2 4 -3 5 6 -1
right_child=1 3 -4 -5 -6 -7 -8
leaf_value=-0.013815078546656846 0.0056423429159813973 -0.010196469192118257 0.0016878370140101687 -0.0012583550255807505 -5.4774294023651279e-05 0.0011726809475455548 -0.0039480039322573922
leaf_weight=52 212 60 1650 1504 2182 126 214
leaf_count=52 212 60 1650 1504 2182 126 214
internal_value=2.50647e-06 -0.000704816 0.000299904 -0.00159108 -0.000594047 -0.00361097 -0.00587691
internal_weight=6000 1776 4224 1564 2574 392 266
internal_count=6000 1776 4224 1564 2574 392 266
cat_boundaries=0 1 2
cat_threshold=13111408 16404720
is_linear=0
shrinkage=0.0707417


Tree=61
num_leaves=8
num_cat=1
split_feature=1 6 7 6 8 2 9
split_gain=0.268756 1.11252 0.861848 0.763439 0.858701 0.634211 1.55769
threshold=4.4380567141429434 0.95391606674300411 0.0018638456802632308 1.0492633744100071 0.33684297892165033 14.048058997475161 0
decision_type=10 2 2 2 2 10 1
left_child=-1 2 -2 -3 -5 6 -4
right_child=1 3 5 4 -6 -7 -8
leaf_value=0.00032375912007721473 0.004129271998047775 0.0026679035775476288 -0.00088478386338091135 0.0032934486521219268 -0.0026517617774688015 -0.0019385701874337013 -0.011964496077795197
leaf_weight=4114 80 528 127 168 440 416 127
leaf_count=4114 80 528 127 168 440 416 127
internal_value=3.19338e-06 -0.000696068 -0.00281062 0.00069998 -0.00100901 -0.00363926 -0.00642464
internal_weight=6000 1886 750 1136 608 670 254
internal_count=6000 1886 750 1136 608 670 254
cat_boundaries=0 1
cat_threshold=1
is_linear=0
shrinkage=0.0707417


Tree=62
num_leaves=8
num_cat=0
split_feature=7 5 2 5 0 1 0
split_gain=0.251243 0.970335 1.22508 0.739083 0.956562 0.766289 0.720391
threshold=0.0067711385286422588 56.004598564624708 -57.399427525891092 76.125779838847421 48.40333401666544 8.2855065111582622 18.818812261270814
decision_type=2 2 10 2 10 10 10
left_child=-1 2 -2 5 -5 6 -3
right_child=1 3 -4 4 -6 -7 -8
leaf_value=0.00030836769071825021 0.003225987972960555 0.00033766920305800885 -0.0031438020294908128 -0.012195304741802021 0.0036031023452806452 -0.003244703060990433 0.0053358341444048728
leaf_weight=4152 182 270 890 44 34 118 310
leaf_count=4152 182 270 890 44 34 118 310
internal_value=2.96751e-06 -0.000683191 -0.00206236 0.00122206 -0.00530882 0.00195187 0.0030091
internal_weight=6000 1848 1072 776 78 698 580
internal_count=6000 1848 1072 776 78 698 580
is_linear=0
shrinkage=0.0707417


Tree=63
num_leaves=8
num_cat=2
split_feature=4 0 5 9 4 9 7
split_gain=0.25626 0.421549 0.413417 0.536051 0.342706 0.522606 0.751449
threshold=3.3707753810396927e-09 57.354544990994548 25.989479104662799 0 1.1196421123571555e-08 1 0.0068524030290827509
decision_type=8 10 2 1 8 1 2
left_child=1 -1 3 -2 5 -4 -7
right_child=2 -3 4 -5 -6 6 -8
leaf_value=-0.0012433625661265085 -0.013525501730450574 0.0071610206365962494 0.00071594609659596687 0.00083953187529674017 9.7623166105072998e-05 -0.003260995866730849 -0.017966138672319994
leaf_weight=56 26 64 105 26 5618 83 22
leaf_count=56 26 64 105 26 5618 83 22
internal_value=2.75756e-06 0.00323898 -6.32877e-05 -0.00634298 -7.25745e-06 -0.00281306 -0.00634207
internal_weight=6000 120 5880 52 5828 210 105
internal_count=6000 120 5880 52 5828 210 105
cat_boundaries=0 1 2
cat_threshold=1 1
is_linear=0
shrinkage=0.0707417


Tree=64
num_leaves=8
num_cat=2
split_feature=2 10 2 10 2 8 5
split_gain=0.258264 1.64226 1.15312 1.01759 0.834898 0.803329 0.909632
threshold=-25.8371370617003 0 -44.936732692527407 1 9.8871549553498834 0.64624337081107097 46.838868731179709
decision_type=10 9 10 9 10 2 2
left_child=1 -1 -3 4 -2 6 -4
right_child=3 2 5 -5 -6 -7 -8
leaf_value=-0.0015845473142180478 -0.0029439388807006874 0.0007818110104864111 0.0095579575424393146 -0.00090326567808891812 0.0028660259497402135 0.00026489884180011232 -0.00023156390241118333
leaf_weight=884 150 684 228 3182 708 104 60
leaf_count=884 150 684 228 3182 708 104 60
internal_value=2.56248e-06 0.0006689 0.00251163 -0.00032071 0.00182898 0.00559406 0.00751847
internal_weight=6000 1960 1076 4040 858 392 288
internal_count=6000 1960 1076 4040 858 392 288
cat_boundaries=0 1 2
cat_threshold=1812628 106880
is_linear=0
shrinkage=0.0707417


Tree=65
num_leaves=8
num_cat=3
split_feature=0 10 4 0 11 1 10
split_gain=0.245174 0.60703 0.573455 0.859708 0.530312 0.47174 1.55012
threshold=55.287132361159813 0 0.011687308515134722 67.021811070869902 1 4.4380567141429434 2
decision_type=8 9 8 10 1 10 9
left_child=5 2 4 -4 -2 -1 -7
right_child=1 -3 3 -5 -6 6 -8
leaf_value=0.00027357650268312796 -0.014401199259547155 0.0041660216508612553 0.0053132039670122236 -0.0073099794699909848 -0.0022243500860693595 0.0015144208075179848 -0.0030417452090920468
leaf_weight=3988 22 220 108 36 96 626 904
leaf_count=3988 22 220 108 36 96 626 904
internal_value=2.08789e-06 0.00153213 -0.00080771 0.00215741 -0.00449461 -0.000131562 -0.00118757
internal_weight=6000 482 262 144 118 5518 1530
internal_count=6000 482 262 144 118 5518 1530
cat_boundaries=0 1 2 3
cat_threshold=387712 1 312210
is_linear=0
shrinkage=0.0707417


Tree=66
num_leaves=8
num_cat=2
split_feature=7 10 9 0 4 1 7
split_gain=0.248243 0.68991 0.637903 0.818804 0.600038 0.377957 0.373765
threshold=0.01714269117335401 0 1 22.164867100597942 0.0093018484109643768 7.5819361141664334 0.014946774032725013
decision_type=2 9 1 10 10 10 2
left_child=6 2 3 -2 -3 -6 -1
right_child=1 4 -4 -5 5 -7 -8
leaf_value=3.123930097790789e-05 -0.012940372811174307 0.0075055090550419394 0.0084727742182339489 0.0049044015814822583 -0.0066960468491514477 0.0014744304412840036 0.0041954471146245266
leaf_weight=5560 22 20 53 31 170 34 110
leaf_count=5560 22 20 53 31 170 34 110
internal_value=2.2513e-06 -0.00188388 0.00272763 -0.00250286 -0.00400892 -0.0053343 0.000112026
internal_weight=6000 330 106 53 224 204 5670
internal_count=6000 330 106 53 224 204 5670
cat_boundaries=0 1 2
cat_threshold=1642532 1
is_linear=0
shrinkage=0.0707417


Tree=67
num_leaves=8
num_cat=1
split_feature=8 0 10 4 0 0 0
split_gain=0.221793 0.266955 0.647022 0.499118 0.748136 0.486985 0.456835
threshold=0.9963765124935634 55.287132361159813 0 0.011687308515134722 67.021811070869902 71.800529172668334 60.344154641574974
decision_type=2 8 9 8 10 10 10
left_child=1 -1 3 5 6 -3 -5
right_child=-2 2 -4 4 -6 -7 -8
leaf_value=-0.00011086241998140637 -0.007087814939796786 -0.0078401620867179812 0.0044071775864930399 0.0011272759396055655 -0.0068334723566463688 0.0014779727516110203 0.010491040615552075
leaf_weight=5502 22 72 214 64 36 46 44
leaf_count=5502 22 72 214 64 36 46 44
internal_value=2.09206e-06 2.81841e-05 0.0016354 -0.000767494 0.00199824 -0.00420767 0.00494214
internal_weight=6000 5978 476 262 144 118 108
internal_count=6000 5978 476 262 144 118 108
cat_boundaries=0 1
cat_threshold=387712
is_linear=0
shrinkage=0.0707417


Tree=68
num_leaves=8
num_cat=3
split_feature=6 10 10 9 1 0 0
split_gain=0.224303 1.69762 0.864737 0.786278 1.71723 1.49824 1.91407
threshold=1.0539904085879914 0 1 2 -9.6077714032421238 27.610409490238087 22.588069861612439
decision_type=2 9 9 1 8 10 10
left_child=2 -2 3 -1 5 6 -5
right_child=1 -3 -4 4 -6 -7 -8
leaf_value=0.00070222239909128851 0.0051369910842967497 -0.0014744062362787261 0.0015256249479312035 -0.006922304218740123 -0.00066238981300007751 0.0087789415495595838 -0.027393119913459236
leaf_weight=1274 212 1564 1676 149 1074 24 27
leaf_count=1274 212 1564 1676 149 1074 24 27
internal_value=2.46366e-06 -0.000664585 0.000282927 -0.000538357 -0.00178316 -0.00780171 -0.0100627
internal_weight=6000 1776 4224 2548 1274 200 176
internal_count=6000 1776 4224 2548 1274 200 176
cat_boundaries=0 1 2 3
cat_threshold=13111408 15618288 1
is_linear=0
shrinkage=0.0707417


Tree=69
num_leaves=8
num_cat=3
split_feature=2 10 10 2 1 9 2
split_gain=0.225234 1.55596 0.895527 0.757473 0.746109 1.22221 0.732917
threshold=-25.8371370617003 0 1 -44.936732692527407 -12.501244896772944 2 9.8871549553498834
decision_type=8 9 9 10 8 1 8
left_child=1 -1 6 4 5 -3 -2
right_child=2 3 -4 -5 -6 -7 -8
leaf_value=-0.0011946584037450861 -0.0027554592233067091 0.0038228604587344259 -0.00084204336549199962 0.0053942134357689662 0.0021013267916636319 -0.016370238684370632 0.0026867757037129015
leaf_weight=1062 150 30 3196 350 472 30 710
leaf_count=1062 150 30 3196 350 472 30 710
internal_value=2.9011e-06 0.000628964 -0.000297164 0.00280648 0.00115678 -0.00627369 0.00171758
internal_weight=6000 1944 4056 882 532 60 860
internal_count=6000 1944 4056 882 532 60 860
cat_boundaries=0 1 2 3
cat_threshold=1812724 106880 1
is_linear=0
shrinkage=0.0707417


Tree=70
num_leaves=8
num_cat=3
split_feature=4 4 10 10 7 7 10
split_gain=0.221238 1.11582 1.00847 1.00531 0.916153 0.896058 0.893437
threshold=0.65842120703463047 0.59344228628332563 0 1 0.027099684389769816 0.015641427007120137 2
decision_type=8 10 9 9 2 2 9
left_child=1 3 -3 -1 5 6 -2
right_child=4 2 -4 -5 -6 -7 -8
leaf_value=-0.0012150404250030897 0.0048489638381693512 -0.0094256034660835791 -0.00083309144669495956 0.0014148359407156407 0.015546546821149275 -0.0070270274289719855 0.00018266831900910657
leaf_weight=1546 214 114 172 1356 20 80 2498
leaf_count=1546 214 114 172 1356 20 80 2498
internal_value=2.45572e-06 -0.000400983 -0.00461677 1.44945e-05 0.00045984 0.000351769 0.000569432
internal_weight=6000 3188 286 2902 2812 2792 2712
internal_count=6000 3188 286 2902 2812 2792 2712
cat_boundaries=0 1 2 3
cat_threshold=3278876 5694542 32780
is_linear=0
shrinkage=0.0707417


Tree=71
num_leaves=8
num_cat=0
split_feature=4 8 4 1 1 7 4
split_gain=0.226068 0.621579 0.608175 0.504369 0.711098 0.544091 0.460288
threshold=4.6076226722924227e-09 0.57964691014536385 1.1196421123571555e-08 14.816386697964981 28.954590648883329 0.0044652981367065197 6.9807450375769528e-09
decision_type=8 2 8 10 10 2 10
left_child=1 -1 3 5 -5 -2 -7
right_child=2 -3 -4 4 -6 6 -8
leaf_value=-0.00079753164768332904 -0.015552260927244982 0.0074726944365677873 3.816236698720002e-05 0.0096478729118838393 -0.0056166030174375119 -0.0097469641555048333 0.0045277551373514328
leaf_weight=118 32 74 5664 24 42 26 20
leaf_count=118 32 74 5664 24 42 26 20
internal_value=1.68927e-06 0.00238995 -7.72615e-05 -0.00461727 -6.58845e-05 -0.00846844 -0.00354056
internal_weight=6000 192 5808 144 66 78 46
internal_count=6000 192 5808 144 66 78 46
is_linear=0
shrinkage=0.0707417


Tree=72
num_leaves=8
num_cat=1
split_feature=1 10 2 6 5 6 8
split_gain=0.222529 1.06495 0.837484 0.881844 0.863089 0.850663 0.798122
threshold=4.4380567141429434 0 15.246782644969995 0.95206908032903337 42.298806917318984 0.85341166775279564 0.79957593741317912
decision_type=10 9 10 2 2 2 2
left_child=-1 -2 3 4 -3 -6 -5
right_child=1 2 -4 6 5 -7 -8
leaf_value=0.00029326634580458921 -0.0024464471828772806 0.0022510515060123991 0.0028491536781166896 0.0021812773365927026 0.0019377531263707808 -0.014908699686775131 -0.005957060975602238
leaf_weight=4114 864 38 536 292 20 60 76
leaf_count=4114 864 38 536 292 20 60 76
internal_value=1.56978e-06 -0.000634718 0.000911934 -0.00120582 -0.00652735 -0.0106971 0.000500534
internal_weight=6000 1886 1022 486 118 80 368
internal_count=6000 1886 1022 486 118 80 368
cat_boundaries=0 1
cat_threshold=15874156
is_linear=0
shrinkage=0.0707417


Tree=73
num_leaves=8
num_cat=2
split_feature=5 9 1 10 1 5 6
split_gain=0.212408 0.512602 0.225673 0.944932 0.885156 0.735543 0.987251
threshold=79.114420113497587 0 4.4380567141429434 1 4.8179162486463474 58.02446133297817 0.85834939021741208
decision_type=2 1 10 9 10 2 2
left_child=2 -2 -1 5 -5 -4 -7
right_child=1 -3 3 4 -6 6 -8
leaf_value=0.0003403328815384876 0.0022445073395833235 -0.010224261197622072 -0.00095406898739638479 -0.013134029510843718 0.0012153792341011509 -0.015669826917385738 -0.0036045536308499816
leaf_weight=4074 33 33 602 22 972 40 224
leaf_count=4074 33 33 602 22 972 40 224
internal_value=1.17027e-06 -0.00398988 4.55601e-05 -0.000600087 0.000888845 -0.00229288 -0.00543263
internal_weight=6000 66 5934 1860 994 866 264
internal_count=6000 66 5934 1860 994 866 264
cat_boundaries=0 1 2
cat_threshold=1 15875176
is_linear=0
shrinkage=0.0707417


Tree=74
num_leaves=8
num_cat=2
split_feature=8 10 9 1 6 2 1
split_gain=0.213411 0.801237 1.04524 0.874723 0.791499 1.45012 0.727502
threshold=0.063360779755268617 0 1 5.5627295391866634 1.0035367543813767 29.458031247741214 3.1169185946502371
decision_type=2 9 1 8 2 10 8
left_child=1 2 6 4 5 -4 -1
right_child=-2 -3 3 -5 -6 -7 -8
leaf_value=-0.0033347219976751956 0.00011202148906615514 0.0019208511320714676 0.013215719186674879 -0.022515928915755393 -0.015879048535785218 -0.01029831870190751 0.0096752956034699012
leaf_weight=76 5612 176 21 21 29 35 30
leaf_count=76 5612 176 21 21 29 35 30
internal_value=1.08749e-06 -0.00160345 -0.00441179 -0.00958715 -0.00639298 -0.00148055 0.000347358
internal_weight=6000 388 212 106 85 56 106
internal_count=6000 388 212 106 85 56 106
cat_boundaries=0 1 2
cat_threshold=4877936 1
is_linear=0
shrinkage=0.0707417


Tree=75
num_leaves=8
num_cat=2
split_feature=6 10 5 10 6 2 1
split_gain=0.206339 1.49405 0.712164 0.746971 0.836078 0.72423 0.779762
threshold=1.0539904085879914 0 33.317394337875541 1 1.0324996603748333 -56.895556227493408 6.990514334647826
decision_type=2 9 2 9 2 8 10
left_child=2 -2 -1 -4 5 6 -5
right_child=1 -3 3 4 -6 -7 -8
leaf_value=0.0069670871514804769 0.0048043911114351136 -0.0013981110984932683 -0.0007097111925000913 0.0072800917654121076 0.0054052507133059806 0.00016845558002332819 -0.0056675830628656592
leaf_weight=78 212 1564 2290 138 210 1480 28
leaf_count=78 212 1564 2290 138 210 1480 28
internal_value=1.23704e-06 -0.000638543 0.000270235 0.000144245 0.00119527 0.000665416 0.00509615
internal_weight=6000 1776 4224 4146 1856 1646 166
internal_count=6000 1776 4224 4146 1856 1646 166
cat_boundaries=0 1 2
cat_threshold=13111408 15356144
is_linear=0
shrinkage=0.0707417


Tree=76
num_leaves=8
num_cat=1
split_feature=4 8 4 6 1 9 0
split_gain=0.196563 0.543791 0.517594 0.496137 0.59992 0.888131 0.539681
threshold=4.6076226722924227e-09 0.57964691014536385 1.1196421123571555e-08 0.98272753082113729 14.816386697964981 0 67.021811070869902
decision_type=8 2 8 2 10 1 10
left_child=1 -1 3 -2 5 -5 -6
right_child=2 -3 -4 4 6 -7 -8
leaf_value=-0.00075293291750079723 0.0050245150484274741 0.0069825063064683241 3.4330731715152687e-05 -0.0024884791452870116 0.0066244128695802451 -0.019422024485632433 -0.0070969184927315862
leaf_weight=118 24 74 5664 31 26 31 32
leaf_count=118 24 74 5664 31 26 31 32
internal_value=1.46746e-06 0.00222843 -7.21513e-05 -0.00426044 -0.00611744 -0.0109553 -0.000945977
internal_weight=6000 192 5808 144 120 62 58
internal_count=6000 192 5808 144 120 62 58
cat_boundaries=0 1
cat_threshold=1
is_linear=0
shrinkage=0.0707417


Tree=77
num_leaves=8
num_cat=2
split_feature=7 10 5 2 2 0 10
split_gain=0.207654 1.038 0.86948 1.86499 0.628888 1.47841 0.622694
threshold=0.0066846054996313976 0 48.687198286973491 -44.359415473463024 58.750804364318157 23.440807621526993 1
decision_type=2 9 2 10 10 10 9
left_child=6 2 3 -2 -4 -6 -1
right_child=1 -3 4 -5 5 -7 -8
leaf_value=0.0015818569991482003 0.0074424499047728038 -0.0015836683292363852 0.0077658548882760196 -0.0057875824401624615 0.0054481042402352081 -0.014691926799582616 -0.00029914273003325679
leaf_weight=1266 84 1406 160 146 76 24 2838
leaf_count=1266 84 1406 160 146 76 24 2838
internal_value=1.36365e-06 -0.000610923 0.00216833 -0.000955745 0.00501533 0.000614497 0.000284233
internal_weight=6000 1896 490 230 260 100 4104
internal_count=6000 1896 490 230 260 100 4104
cat_boundaries=0 1 2
cat_threshold=13711424 2639114
is_linear=0
shrinkage=0.0707417


Tree=78
num_leaves=8
num_cat=1
split_feature=7 6 1 7 10 2 5
split_gain=0.197503 0.425327 0.332605 0.28399 0.846445 0.92444 0.835734
threshold=0.0014072512686305377 0.97268488599733416 -1.8934518283301978 0.0032331972438914424 0 -77.756168459671358 51.175133789070941
decision_type=2 2 10 2 9 10 2
left_child=1 2 -1 4 5 -2 -6
right_child=3 -3 -4 -5 6 -7 -8
leaf_value=-0.00089014737120420148 -0.011008100014135163 -0.0059948062845225662 0.0089743489236951014 0.00023427734426052012 -0.005406076717582556 0.0012756447558884023 -0.00055260385760214786
leaf_weight=26 32 20 50 4416 312 732 412
leaf_count=26 32 20 50 4416 312 732 412
internal_value=1.23171e-06 0.00318414 0.00559965 -5.05229e-05 -0.000895737 0.000751308 -0.00260813
internal_weight=6000 96 76 5904 1488 764 724
internal_count=6000 96 76 5904 1488 764 724
cat_boundaries=0 1
cat_threshold=6440900
is_linear=0
shrinkage=0.0707417


Tree=79
num_leaves=8
num_cat=2
split_feature=7 10 9 0 1 0 4
split_gain=0.196322 0.664401 0.627998 1.11247 0.417752 0.339477 0.332526
threshold=0.017517204997154125 0 1 22.164867100597942 7.5819361141664334 29.847907217432375 0.066342831315052989
decision_type=2 9 1 10 10 10 10
left_child=-1 2 3 -2 6 -4 -3
right_child=1 4 5 -5 -6 -7 -8
leaf_value=9.5274461636800627e-05 -0.015352920947684376 0.0012153580294881868 0.013541980308624347 0.0061862402727781984 0.002828310082436582 0.0016435509162329247 -0.0069815072532723134
leaf_weight=5692 20 30 30 30 36 20 142
leaf_count=5692 20 30 30 30 36 20 142
internal_value=1.14455e-06 -0.00173843 0.00288781 -0.00242942 -0.00391328 0.00878261 -0.00555182
internal_weight=6000 308 100 50 208 50 172
internal_count=6000 308 100 50 208 50 172
cat_boundaries=0 1 2
cat_threshold=1642532 1
is_linear=0
shrinkage=0.0707417


Tree=80
num_leaves=8
num_cat=3
split_feature=5 10 8 2 10 0 10
split_gain=0.195888 1.52496 1.09874 0.990883 1.56646 0.924504 0.884547
threshold=48.145420929981491 0 0.79957593741317912 15.858318926201703 1 9.0993502912477542 2
decision_type=2 9 2 8 9 10 9
left_child=1 -1 -3 5 -5 -2 -7
right_child=3 2 -4 4 -6 6 -8
leaf_value=-0.0011812336699733364 0.0033694639280839244 0.0033299509454670622 -0.0042125252255387621 -0.0019123758492255365 0.0014311704464112162 -0.009021419303782436 -0.0022415820474484594
leaf_weight=1204 108 920 108 1076 1970 118 496
leaf_count=1204 108 920 108 1076 1970 118 496
internal_value=1.06362e-06 0.000526248 0.0025131 -0.000310033 0.000248482 -0.00266632 -0.00372798
internal_weight=6000 2232 1028 3768 3046 722 614
internal_count=6000 2232 1028 3768 3046 722 614
cat_boundaries=0 1 2 3
cat_threshold=10203700 6702146 1081744
is_linear=0
shrinkage=0.0707417


Tree=81
num_leaves=8
num_cat=0
split_feature=8 6 1 6 5 2 4
split_gain=0.1888 0.322475 0.323405 0.311384 0.520496 0.865203 0.778818
threshold=0.063360779755268617 1.2247620429338533 23.938523694366648 0.85245441284706136 54.316701538013483 25.401912289378775 0.42613170316842885
decision_type=2 2 10 2 2 8 8
left_child=1 2 3 -1 5 -5 -6
right_child=-2 -3 -4 4 6 -7 -8
leaf_value=-0.0054640621678329971 0.00010380616031788141 -0.0094521420576954059 -0.0089226028867117665 0.00062603068359249876 -0.0054037015593721141 -0.011570611248157803 0.0085005613641130715
leaf_weight=52 5612 24 24 152 28 36 72
leaf_count=52 5612 24 24 152 28 36 72
internal_value=-5.35584e-07 -0.00150973 -0.00098605 -0.000425823 0.000483859 -0.0017095 0.00460737
internal_weight=6000 388 364 340 288 188 100
internal_count=6000 388 364 340 288 188 100
is_linear=0
shrinkage=0.0707417


Tree=82
num_leaves=8
num_cat=3
split_feature=8 0 10 1 10 10 2
split_gain=0.189152 0.240519 0.537414 0.370678 1.10241 0.604341 0.803634
threshold=0.9963765124935634 55.287132361159813 0 4.4380567141429434 1 2 -26.902308900343503
decision_type=2 8 9 10 9 9 10
left_child=1 3 -3 5 -5 6 -1
right_child=-2 2 -4 4 -6 -7 -8
leaf_value=0.0016742807627735841 -0.0065479434281522433 -0.0006444714737030376 0.0040745284427167287 0.0012704166808389114 -0.0025856981306137897 0.00082148506337601152 -0.0023078178881832173
leaf_weight=366 22 262 214 614 914 2782 826
leaf_count=366 22 262 214 614 914 2782 826
internal_value=-4.97701e-07 2.3598e-05 0.00154916 -0.000108384 -0.00104479 0.000251665 -0.0010761
internal_weight=6000 5978 476 5502 1528 3974 1192
internal_count=6000 5978 476 5502 1528 3974 1192
cat_boundaries=0 1 2 3
cat_threshold=387712 803730 410258
is_linear=0
shrinkage=0.0707417


Tree=83
num_leaves=8
num_cat=2
split_feature=7 10 6 5 5 8 9
split_gain=0.189382 0.872352 0.500077 0.498679 0.743295 0.810976 2.16393
threshold=0.0020715031543040783 0 1.0068307319145096 46.838868731179709 51.336597596470028 0.64624337081107097 1
decision_type=2 9 2 2 2 2 1
left_child=1 2 -1 -3 -5 -6 -7
right_child=-2 3 -4 4 5 6 -8
leaf_value=0.0086664390018879132 -0.00011731430312749836 0.0037208690239847698 -0.0035479801560701222 -0.0076247265701812695 0.0038687528239356168 -0.020403475330069393 0.0074085414374607068
leaf_weight=104 5520 100 20 84 116 28 28
leaf_count=104 5520 100 20 84 116 28 28
internal_value=-1.16309e-07 0.00134766 0.00619664 -0.000501292 -0.00217016 0.000493705 -0.00649747
internal_weight=6000 480 124 356 256 172 56
internal_count=6000 480 124 356 256 172 56
cat_boundaries=0 1 2
cat_threshold=12586496 1
is_linear=0
shrinkage=0.0707417


Tree=84
num_leaves=8
num_cat=1
split_feature=5 9 4 8 4 6 7
split_gain=0.178331 0.435074 0.230777 0.407129 0.397159 0.422853 0.357056
threshold=79.114420113497587 0 4.6076226722924227e-09 0.57964691014536385 1.1196421123571555e-08 0.98272753082113729 0.0027674426489597572
decision_type=2 1 8 2 8 2 2
left_child=2 -2 3 -1 5 -4 -7
right_child=1 -3 4 -5 -6 6 -8
leaf_value=-8.6649911030808752e-05 0.0020865890804937907 -0.0094006262839388729 0.0047881207921300923 0.0068526264481187779 5.5348702018447571e-05 0.002585136516131696 -0.0074263256320820717
leaf_weight=112 33 33 24 68 5614 22 94
leaf_count=112 33 33 24 68 5614 22 94
internal_value=-1.08086e-07 -0.00365702 4.05653e-05 0.00253485 -3.74625e-05 -0.00375919 -0.0055276
internal_weight=6000 66 5934 180 5754 140 116
internal_count=6000 66 5934 180 5754 140 116
cat_boundaries=0 1
cat_threshold=1
is_linear=0
shrinkage=0.0707417


Tree=85
num_leaves=8
num_cat=1
split_feature=2 10 5 5 1 6 5
split_gain=0.176963 0.497643 0.447527 0.500154 0.901148 0.988489 0.634257
threshold=75.258405472827533 0 51.336597596470028 61.732154427147634 4.8179162486463474 0.85967415632776845 64.59839674123144
decision_type=10 9 2 2 10 2 2
left_child=-1 2 -2 4 5 -4 -5
right_child=1 -3 3 6 -6 -7 -8
leaf_value=-0.00011944007059958936 -0.010166697638018262 0.0029611215598319045 0.0055043904096893749 -0.014609963211156624 0.010853124396809542 -0.008708047992090448 0.0016536610799855564
leaf_weight=5472 26 316 48 24 40 50 24
leaf_count=5472 26 316 48 24 40 50 24
internal_value=-1.00419e-07 0.00123669 -0.00140699 -0.000258161 0.00190531 -0.00174685 -0.00647815
internal_weight=6000 528 212 186 138 98 48
internal_count=6000 528 212 186 138 98 48
cat_boundaries=0 1
cat_threshold=5789712
is_linear=0
shrinkage=0.0707417


Tree=86
num_leaves=8
num_cat=1
split_feature=6 6 4 9 0 7 7
split_gain=0.178369 1.26927 0.702606 1.36634 2.49223 1.54992 2.09787
threshold=0.87943594839923434 0.86984258406188786 0.82378404843347919 0 13.837408037634022 0.0033994865923543858 0.0025209265828638962
decision_type=2 2 10 1 10 2 2
left_child=1 2 -1 -4 5 6 -5
right_child=-2 -3 3 4 -6 -7 -8
leaf_value=-0.0031576279671075274 0.00019069641595865369 -0.0060422627769663737 0.0043110154294639996 0.0040674708454574715 -0.0095046964452232558 0.0074692010159934886 -0.016428917565510088
leaf_weight=232 4824 192 376 64 133 138 41
leaf_count=232 4824 192 376 64 133 138 41
internal_value=2.558e-07 -0.000780939 0.00024566 0.00129561 -0.00171979 0.00254108 -0.00393588
internal_weight=6000 1176 984 752 376 243 105
internal_count=6000 1176 984 752 376 243 105
cat_boundaries=0 1
cat_threshold=1
is_linear=0
shrinkage=0.0707417


Tree=87
num_leaves=8
num_cat=2
split_feature=7 10 5 5 10 7 2
split_gain=0.18022 0.904667 0.779979 1.34012 0.795453 0.700816 0.771405
threshold=0.0066846054996313976 0 55.844971643946636 49.049474006357336 1 0.027099684389769816 -54.840128054600193
decision_type=2 9 2 2 9 2 10
left_child=-1 5 3 -3 -4 6 -2
right_child=1 2 4 -5 -6 -7 -8
leaf_value=0.00026375946544815161 0.006687479992668631 -0.0015311286402031983 0.0052100101247656381 -0.0090545778162129231 -0.0015020747705451253 0.0087634761188377687 -0.0001873812198871227
leaf_weight=4104 92 402 108 168 342 56 728
leaf_count=4104 92 402 108 168 342 56 728
internal_value=2.37705e-07 -0.00057017 -0.0019909 -0.00374857 0.000191224 0.00109434 0.000583945
internal_weight=6000 1896 1020 570 450 876 820
internal_count=6000 1896 1020 570 450 876 820
cat_boundaries=0 1 2
cat_threshold=14104672 524432
is_linear=0
shrinkage=0.0707417


Tree=88
num_leaves=8
num_cat=2
split_feature=7 10 9 0 1 7 8
split_gain=0.187603 0.557705 0.542463 0.966405 0.346853 0.306028 0.474395
threshold=0.017517204997154125 0 1 22.164867100597942 7.5819361141664334 0.038605176223125724 0.34966721312512788
decision_type=2 9 1 10 10 2 2
left_child=-1 2 3 -2 5 6 -3
right_child=1 4 -4 -5 -6 -7 -8
leaf_value=9.2673794880427591e-05 -0.01445047078962514 -0.0014917332170579613 0.0080153219162184541 0.0056249364537343778 0.0024487034764636728 0.0013046845615966346 -0.0098582842674934633
leaf_weight=5692 20 56 50 30 36 30 86
leaf_count=5692 20 56 50 30 36 30 86
internal_value=6.58061e-07 -0.00169984 0.00255004 -0.00240523 -0.00368833 -0.00518726 -0.0065588
internal_weight=6000 308 100 50 208 172 142
internal_count=6000 308 100 50 208 172 142
cat_boundaries=0 1 2
cat_threshold=1642532 1
is_linear=0
shrinkage=0.0707417


Tree=89
num_leaves=8
num_cat=3
split_feature=7 10 10 7 4 9 6
split_gain=0.175507 0.742555 0.579728 0.562371 0.767546 1.01029 0.548762
threshold=0.0032331972438914424 0 1 0.003452373436975732 0.87451021801135775 2 0.90262207106822323
decision_type=2 9 9 2 10 1 2
left_child=1 -1 6 4 5 -4 -2
right_child=2 -3 3 -5 -6 -7 -8
leaf_value=-0.0039580519144798839 -0.0032178048456209703 6.7424537002446915e-05 0.0089662947012783857 0.00064321481703947874 0.012507294926122679 -0.0061932597351913735 -0.00013048332285346071
leaf_weight=268 366 1316 44 2560 48 44 1354
leaf_count=268 366 1316 44 2560 48 44 1354
internal_value=6.11523e-07 -0.000638216 0.000229756 0.00087546 0.0053115 0.00138652 -0.000782885
internal_weight=6000 1584 4416 2696 136 88 1720
internal_count=6000 1584 4416 2696 136 88 1720
cat_boundaries=0 1 2 3
cat_threshold=1314856 2229974 1
is_linear=0
shrinkage=0.0707417


Tree=90
num_leaves=8
num_cat=2
split_feature=5 4 4 5 10 1 9
split_gain=0.173143 0.786495 0.757253 0.271729 1.01497 0.512608 1.09598
threshold=28.656364681095592 0.37640771115451638 5.3323224169510305e-09 35.793029355245892 0 9.3021159303880392 1
decision_type=2 10 10 2 9 10 1
left_child=1 2 -1 4 5 6 -2
right_child=3 -3 -4 -5 -6 -7 -8
leaf_value=0.0031581431726323442 0.0016048962352338504 0.0094274379025802938 -0.0099059508552684899 -5.4738181983142175e-05 0.0050853703132549277 0.0021424236675983434 -0.017843918013589668
leaf_weight=34 29 22 64 5592 188 42 29
leaf_count=34 29 22 64 5592 188 42 29
internal_value=1.09536e-07 -0.00266 -0.00537351 5.43975e-05 0.00217345 -0.00346318 -0.00811951
internal_weight=6000 120 98 5880 288 100 58
internal_count=6000 120 98 5880 288 100 58
cat_boundaries=0 1 2
cat_threshold=1225218 1
is_linear=0
shrinkage=0.0707417


Tree=91
num_leaves=8
num_cat=0
split_feature=1 4 4 7 0 7 5
split_gain=0.166777 0.951296 0.836108 0.706074 0.576107 0.538044 0.32455
threshold=-21.126290541348968 0.074821640637142209 0.14195805691973415 0.0062171877420634366 31.174864099837112 0.0032578600221447721 65.386172395107437
decision_type=8 10 10 2 10 2 2
left_child=1 3 -3 -1 -5 -4 -7
right_child=-2 2 5 4 -6 6 -8
leaf_value=0.0099899840356341696 8.8051910207845362e-05 -0.012122345528423738 -0.0090854010385189865 -0.009259043894048179 0.0053646804149890476 -0.0012814051590372977 0.007935547746330384
leaf_weight=50 5688 52 38 26 28 94 24
leaf_count=50 5688 52 38 26 28 94 24
internal_value=7.01372e-07 -0.00159177 -0.00435388 0.00393245 -0.00167637 -0.00176439 0.000593229
internal_weight=6000 312 208 104 54 156 118
internal_count=6000 312 208 104 54 156 118
is_linear=0
shrinkage=0.0707417


Tree=92
num_leaves=8
num_cat=2
split_feature=6 5 9 0 1 10 1
split_gain=0.162803 0.3017 0.458279 0.210534 0.190757 0.791732 0.72779
threshold=1.5684131775078149 79.114420113497587 0 48.40333401666544 4.4380567141429434 1 4.8179162486463474
decision_type=2 2 1 10 10 9 10
left_child=1 4 -3 -2 -1 -6 -7
right_child=3 2 -4 -5 5 6 -8
leaf_value=0.00029346327200495908 -0.00060545698691962706 0.0011419322151814877 -0.011022010197687953 0.009181325314167486 -0.0021275622691039088 -0.011926975484751669 0.0010845132926782593
leaf_weight=4038 22 31 31 22 862 22 972
leaf_count=4038 22 31 31 22 862 22 972
internal_value=6.51757e-07 -3.10206e-05 -0.00494004 0.00428793 2.06182e-05 -0.000572996 0.000788599
internal_weight=6000 5956 62 44 5894 1856 994
internal_count=6000 5956 62 44 5894 1856 994
cat_boundaries=0 1 2
cat_threshold=1 15875176
is_linear=0
shrinkage=0.0707417


Tree=93
num_leaves=8
num_cat=2
split_feature=6 10 10 7 6 0 0
split_gain=0.16391 1.22824 0.710883 0.781929 0.701239 0.76586 0.641955
threshold=1.0539904085879914 0 1 0.0019427896581048515 1.103107543527398 23.140884452333221 21.164185642876181
decision_type=2 9 9 2 2 8 10
left_child=-1 -2 4 -4 5 -3 -5
right_child=1 2 3 6 -6 -7 -8
leaf_value=0.00024010641273142745 0.0065461662510327145 -0.00056510109618530216 -0.014061489210356286 -0.0052777621318913816 -0.0013361957008838682 -0.01079239150402197 0.00053158002009043174
leaf_weight=4224 104 56 20 104 262 106 1124
leaf_count=4224 104 56 20 104 262 106 1124
internal_value=3.54817e-07 -0.000569865 -0.00104539 -0.000184913 -0.00351549 -0.00725703 3.95836e-05
internal_weight=6000 1776 1672 1248 424 162 1228
internal_count=6000 1776 1672 1248 424 162 1228
cat_boundaries=0 1 2
cat_threshold=4198496 1320454
is_linear=0
shrinkage=0.0707417


Tree=94
num_leaves=8
num_cat=0
split_feature=7 6 1 6 6 4 1
split_gain=0.168541 0.344605 0.284826 0.235069 0.996708 0.759931 0.640639
threshold=0.0014072512686305377 0.97268488599733416 -1.8934518283301978 0.87943594839923434 0.86984258406188786 0.97579420120710403 -7.339133513867135
decision_type=2 2 10 2 2 10 8
left_child=1 2 -1 4 5 -2 -6
right_child=3 -3 -4 -5 6 -7 -8
leaf_value=-0.00088996697254970782 -0.0014068207017827726 -0.0053207446463117633 0.0082385482832611004 0.00016998526698404885 -0.014745563307362425 0.0029071170142191622 -0.0037808406443319178
leaf_weight=26 632 20 50 4778 32 302 160
leaf_count=26 632 20 50 4778 32 302 160
internal_value=1.10152e-06 0.00294139 0.00511564 -4.6708e-05 -0.000966211 -1.195e-05 -0.00560829
internal_weight=6000 96 76 5904 1126 934 192
internal_count=6000 96 76 5904 1126 934 192
is_linear=0
shrinkage=0.0707417


Tree=95
num_leaves=8
num_cat=1
split_feature=6 0 2 1 7 9 5
split_gain=0.172365 0.8271 0.528225 0.435002 0.432246 0.547067 1.25058
threshold=1.123230631078417 18.818812261270814 38.944804424402491 -11.974478231221463 0.0034282723474643498 0 76.125779838847421
decision_type=2 10 10 8 2 1 2
left_child=-1 3 -3 -2 -4 -6 -7
right_child=1 2 4 -5 5 6 -8
leaf_value=0.00017625723737421203 -0.0022559177069791888 -0.0012206292447097045 -0.0062050551686068543 -0.015548687166781797 0.0076663512269079083 0.0049250285573288703 -0.013507053921996888
leaf_weight=4944 22 792 24 28 95 70 25
leaf_count=4944 22 792 24 28 95 70 25
internal_value=1.02361e-06 -0.000819388 -0.000378013 -0.00969987 0.00274046 0.00387042 7.44805e-05
internal_weight=6000 1056 1006 50 214 190 95
internal_count=6000 1056 1006 50 214 190 95
cat_boundaries=0 1
cat_threshold=1
is_linear=0
shrinkage=0.0707417


Tree=96
num_leaves=8
num_cat=1
split_feature=8 10 2 5 2 5 4
split_gain=0.162429 0.684248 0.591533 0.951919 0.57221 0.78915 0.413689
threshold=0.063360779755268617 0 68.996695579017469 59.922831388557583 64.256562949774633 48.349299210967857 0.3364221910655727
decision_type=2 9 8 2 8 2 10
left_child=1 2 3 -1 5 -3 -7
right_child=-2 4 -4 -5 -6 6 -8
leaf_value=-0.0053693025730575305 9.773181073652501e-05 0.0040780586116676756 -0.013136328368397055 0.0075672587959527936 0.0088597438067889722 -0.013814940455226977 -0.0016843675494993429
leaf_weight=136 5612 82 32 36 44 24 34
leaf_count=136 5612 82 32 36 44 24 34
internal_value=9.51174e-07 -0.00139888 -0.00410358 -0.00266165 0.00172888 -0.000388759 -0.00670391
internal_weight=6000 388 204 172 184 140 58
internal_count=6000 388 204 172 184 140 58
cat_boundaries=0 1
cat_threshold=4878000
is_linear=0
shrinkage=0.0707417


Tree=97
num_leaves=8
num_cat=1
split_feature=2 7 7 6 1 8 9
split_gain=0.15669 0.685259 0.527358 0.696504 0.666817 0.676535 0.565158
threshold=75.258405472827533 0.0032075956450254993 0.009305968256152963 0.91160132038906894 -6.8194104403550861 0.084722647313739005 0
decision_type=10 2 2 2 10 2 1
left_child=-1 -2 4 6 -3 -6 -4
right_child=1 2 3 -5 5 -7 -8
leaf_value=-0.00011141217995139941 -0.0023788753590880396 -0.0064931501338960267 -0.016350731816703826 0.0073932106534125375 -0.003602713549318016 0.0068517686512228433 6.1429691475396809e-05
leaf_weight=5472 180 26 21 22 36 222 21
leaf_count=5472 180 26 21 22 36 222 21
internal_value=8.83888e-07 0.00116468 0.00299755 -0.00280351 0.00430483 0.005393 -0.00814465
internal_weight=6000 528 348 64 284 258 42
internal_count=6000 528 348 64 284 258 42
cat_boundaries=0 1
cat_threshold=1
is_linear=0
shrinkage=0.0707417


Tree=98
num_leaves=8
num_cat=1
split_feature=8 0 5 5 10 8 5
split_gain=0.15598 0.190373 0.469786 0.45945 0.481454 0.521112 0.41103
threshold=0.9963765124935634 55.287132361159813 61.544863827633002 58.743803534519209 0 0.66488305034395523 69.45656001797353
decision_type=2 8 2 2 9 2 2
left_child=1 -1 3 4 5 -3 -4
right_child=-2 2 6 -5 -6 -7 -8
leaf_value=-9.4717930235207868e-05 -0.0059448471722035566 -0.00026985363920808497 0.010833658306294814 -0.009210837781406387 0.0025922832949081794 -0.011447518035907413 0.0015435771037681325
leaf_weight=5502 22 82 44 24 246 28 52
leaf_count=5502 22 82 44 24 246 28 52
internal_value=8.21366e-07 2.27024e-05 0.00137994 0.00026291 0.00090159 -0.00285549 0.00580153
internal_weight=6000 5978 476 380 356 110 96
internal_count=6000 5978 476 380 356 110 96
cat_boundaries=0 1
cat_threshold=82560
is_linear=0
shrinkage=0.0707417


Tree=99
num_leaves=8
num_cat=1
split_feature=1 10 2 2 2 8 6
split_gain=0.150254 0.709362 0.740401 0.949466 0.691727 0.892229 0.854806
threshold=4.4380567141429434 0 63.061887077557593 76.439293565026858 15.246782644969995 0.5383110027414123 0.95329221503536876
decision_type=10 9 10 10 10 2 2
left_child=-1 4 -3 -4 6 -6 -2
right_child=1 2 3 -5 5 -7 -8
leaf_value=0.00024075999806417073 -0.0065172088776150874 -0.00075507873976386004 -0.0090008696591677689 0.00027693953248563336 -0.00041570594196699832 0.0060713726902642574 0.00089941405541323711
leaf_weight=4114 106 832 138 92 200 226 292
leaf_count=4114 106 832 138 92 200 226 292
internal_value=1.06889e-06 -0.000521778 -0.00172096 -0.00528975 0.00103213 0.0030258 -0.00107587
internal_weight=6000 1886 1062 230 824 426 398
internal_count=6000 1886 1062 230 824 426 398
cat_boundaries=0 1
cat_threshold=836498
is_linear=0
shrinkage=0.0707417


end of trees

feature_importances:
hour_of_day=115
rsi_14=86
atr_ratio=79
bb_width=76
market_energy=63
energy_slope=63
mpo=60
compression_index=58
side=55
candle_body_ratio=40
mpo_bias=3
is_ny_open=2

parameters:
[boosting: gbdt]
[objective: regression]
[metric: l2]
[tree_learner: serial]
[device_type: cpu]
[data_sample_strategy: bagging]
[data: ]
[valid: ]
[num_iterations: 100]
[learning_rate: 0.0707417]
[num_leaves: 8]
[num_threads: 0]
[seed: 0]
[deterministic: 0]
[force_col_wise: 0]
[force_row_wise: 0]
[histogram_pool_size: -1]
[max_depth: -1]
[min_data_in_leaf: 20]
[min_sum_hessian_in_leaf: 0.001]
[bagging_fraction: 1]
[pos_bagging_fraction: 1]
[neg_bagging_fraction: 1]
[bagging_freq: 0]
[bagging_seed: 3]
[bagging_by_query: 0]
[feature_fraction: 0.858319]
[feature_fraction_bynode: 1]
[feature_fraction_seed: 2]
[extra_trees: 0]
[extra_seed: 6]
[early_stopping_round: 0]
[early_stopping_min_delta: 0]
[first_metric_only: 0]
[max_delta_step: 0]
[lambda_l1: 0]
[lambda_l2: 0]
[linear_lambda: 0]
[min_gain_to_split: 0]
[drop_rate: 0.1]
[max_drop: 50]
[skip_drop: 0.5]
[xgboost_dart_mode: 0]
[uniform_drop: 0]
[drop_seed: 4]
[top_rate: 0.2]
[other_rate: 0.1]
[min_data_per_group: 100]
[max_cat_threshold: 32]
[cat_l2: 10]
[cat_smooth: 10]
[max_cat_to_onehot: 4]
[top_k: 20]
[monotone_constraints: ]
[monotone_constraints_method: basic]
[monotone_penalty: 0]
[feature_contri: ]
[forcedsplits_filename: ]
[refit_decay_rate: 0.9]
[cegb_tradeoff: 1]
[cegb_penalty_split: 0]
[cegb_penalty_feature_lazy: ]
[cegb_penalty_feature_coupled: ]
[path_smooth: 0]
[interaction_constraints: ]
[verbosity: 1]
[saved_feature_importance_type: 0]
[use_quantized_grad: 0]
[num_grad_quant_bins: 4]
[quant_train_renew_leaf: 0]
[stochastic_rounding: 1]
[linear_tree: 0]
[max_bin: 255]
[max_bin_by_feature: ]
[min_data_in_bin: 3]
[bin_construct_sample_cnt: 200000]
[data_random_seed: 1]
[is_enable_sparse: 1]
[enable_bundle: 1]
[use_missing: 1]
[zero_as_missing: 0]
[feature_pre_filter: 1]
[pre_partition: 0]
[two_round: 0]
[header: 0]
[label_column: ]
[weight_column: ]
[group_column: ]
[ignore_column: ]
[categorical_feature: 9,10,11]
[forcedbins_filename: ]
[precise_float_parser: 0]
[parser_config_file: ]
[objective_seed: 5]
[num_class: 1]
[is_unbalance: 0]
[scale_pos_weight: 1]
[sigmoid: 1]
[boost_from_average: 1]
[reg_sqrt: 0]
[alpha: 0.9]
[fair_c: 1]
[poisson_max_delta_step: 0.7]
[tweedie_variance_power: 1.5]
[lambdarank_truncation_level: 30]
[lambdarank_norm: 1]
[label_gain: ]
[lambdarank_position_bias_regularization: 0]
[eval_at: ]
[multi_error_top_k: 1]
[auc_mu_weights: ]
[num_machines: 1]
[local_listen_port: 12400]
[time_out: 120]
[machine_list_filename: ]
[machines: ]
[gpu_platform_id: -1]
[gpu_device_id: -1]
[gpu_use_dp: 0]
[num_gpu: 1]

end of parameters

pandas_categorical:[]
