tree
version=v4
num_class=1
num_tree_per_iteration=1
label_index=0
max_feature_idx=8
objective=regression
feature_names=market_energy energy_slope mpo mpo_bias compression_index rsi_14 atr_ratio bb_width candle_body_ratio
feature_infos=[0.41357207931092993:96.449777360212138] [-69.078498936560408:66.126115035464011] [-93.360104883118765:91.000120994259007] [-1:1] [2.0379642418077992e-10:1] [10.699808898013925:93.003605777006939] [0.5148272213526508:2.3525599086911164] [0.00012253580097668995:0.11182647702114028] [0:0.99999999956933672]
tree_sizes=838 896 884 880 874 888 897 878 885 891 897 876 877 875 870 883 886 890 869 881 886 882 880 869 878 872 878 867 892 855 887 867 864 878 871 867 883 855 862 873 863 871 876 880 876 882 880 876 860 864 854 879 892 873 872 884 879 873 868 889 892 857 878 883 872 886 877 887 879 891 879 865 859 890 882 864 895 876 867 876 862 890 890 870 877 862 888 868 879 876 890 869 884 886 876 888 866 874 879 879

Tree=0
num_leaves=8
num_cat=0
split_feature=4 4 8 6 4 4 1
split_gain=3.82411 2.57092 1.72714 1.64532 1.4326 1.79904 2.06935
threshold=0.0077056140414873972 2.9161286163592597e-09 0.62276270275088952 1.2865192161500809 0.15247044802847801 0.52205849984511243 -0.80983626478101101
decision_type=8 10 2 2 10 10 8
left_child=1 -1 3 -3 -2 6 -6
right_child=4 2 -4 -5 5 -7 -8
leaf_value=0.66179042375163855 0.66203365385151103 0.65430709199942461 0.65903508463494009 0.64321496736084571 0.65780210975046094 0.66082522633319263 0.66075852034464544
leaf_weight=340 2574 557 325 63 2119 10196 1901
leaf_count=340 2574 557 325 63 2119 10196 1901
internal_value=0.66036 0.656939 0.655194 0.65318 0.660621 0.660366 0.6592
internal_weight=18075 1285 945 620 16790 14216 4020
internal_count=18075 1285 945 620 16790 14216 4020
is_linear=0
shrinkage=1


Tree=1
num_leaves=8
num_cat=0
split_feature=4 5 2 4 2 0 2
split_gain=3.34273 2.35287 4.04132 3.95424 2.50635 2.7409 4.17193
threshold=0.0077056140414873972 67.381525891131531 34.088866306362569 0.98866472647119563 -46.936065678263041 17.312728481187232 -34.962776561047079
decision_type=8 2 8 10 8 10 10
left_child=-1 4 -3 -4 -2 -6 -7
right_child=1 2 3 -5 5 6 -8
leaf_value=-0.0031979877942974458 -0.0011416574324646584 -0.013685604515408496 -0.00025576997123634258 -0.015598794999860822 0.0021696997430112695 0.0037042123364390092 -0.00048989251732691115
leaf_weight=1285 3239 122 1101 76 4503 1185 6564
leaf_count=1285 3239 122 1101 76 4503 1185 6564
internal_value=-1.42235e-10 0.000244754 -0.00241475 -0.00124648 0.000467766 0.000893242 0.000151482
internal_weight=18075 16790 1299 1177 15491 12252 7749
internal_count=18075 16790 1299 1177 15491 12252 7749
is_linear=0
shrinkage=0.0650566


Tree=2
num_leaves=8
num_cat=0
split_feature=4 4 2 2 0 6 6
split_gain=2.92195 2.24729 2.35242 1.596 3.5885 1.89988 1.97949
threshold=0.0077056140414873972 2.9161286163592597e-09 34.759542514885517 73.607397438246281 11.453620107958569 0.98088474779860446 1.0191226496090986
decision_type=8 10 10 8 8 2 2
left_child=1 2 -1 5 -5 -2 -7
right_child=3 -3 -4 4 -6 6 -8
leaf_value=0.0041264905134844321 -0.00072466746097256027 -0.0046218352150554885 -0.0098011659082318063 0.0070546810751658815 0.00040161467286861744 0.0027521816539803584 0.00018130347369323054
leaf_weight=277 7508 945 63 454 1405 1622 5801
leaf_count=277 7508 945 63 454 1405 1622 5801
internal_value=4.21557e-11 -0.00298994 0.00154578 0.000228831 0.00202641 5.02155e-06 0.000743066
internal_weight=18075 1285 340 16790 1859 14931 7423
internal_count=18075 1285 340 16790 1859 14931 7423
is_linear=0
shrinkage=0.0650566


Tree=3
num_leaves=8
num_cat=0
split_feature=7 5 6 6 6 7 5
split_gain=3.02485 6.55465 1.95334 1.80562 1.87024 3.6445 2.84805
threshold=0.0040473799809777576 67.653200991143478 0.83686833231207702 0.79356349543308269 1.1028200507716928 0.0033570917252194513 42.719948843677507
decision_type=2 2 2 2 2 2 2
left_child=1 3 -2 -1 -5 -6 -7
right_child=2 -3 -4 4 5 6 -8
leaf_value=-0.0055281828327414387 0.0039407116142468222 -0.012696653661222768 0.00044086580002916203 -0.00012240340463324389 0.00017980038081460777 0.00088866805056125626 -0.014370496811611058
leaf_weight=315 722 199 10354 5856 378 73 178
leaf_count=315 722 199 10354 5856 378 73 178
internal_value=6.36089e-11 -0.00105871 0.000669007 -0.00071813 -0.000484488 -0.0038555 -0.00993257
internal_weight=18075 6999 11076 6800 6485 629 251
internal_count=18075 6999 11076 6800 6485 629 251
is_linear=0
shrinkage=0.0650566


Tree=4
num_leaves=8
num_cat=0
split_feature=5 2 2 1 2 1 5
split_gain=2.38813 3.01016 2.47735 1.75539 1.80209 1.6844 2.1587
threshold=66.478785014384513 48.718921741000578 34.088866306362569 29.695364757494865 65.00587788236443 -23.71382809934244 28.58877648434591
decision_type=2 10 8 10 10 10 2
left_child=1 5 -2 4 -4 6 -1
right_child=2 -3 3 -5 -6 -7 -8
leaf_value=-0.010638983759029851 -0.0094692188309677579 0.0016111195315619815 0.00077213238762696864 -0.011161775657018671 -0.0040096837549317404 -0.00051580355812394919 0.003995060605665234
leaf_weight=46 183 4799 924 75 522 10938 588
leaf_count=46 183 4799 924 75 522 10938 588
internal_value=4.88062e-11 0.000241256 -0.00231784 -0.00145742 -0.000954083 -0.000326837 0.00293328
internal_weight=18075 16371 1704 1521 1446 11572 634
internal_count=18075 16371 1704 1521 1446 11572 634
is_linear=0
shrinkage=0.0650566


Tree=5
num_leaves=8
num_cat=0
split_feature=5 2 0 6 1 6 2
split_gain=2.08751 2.63124 2.51554 2.57007 2.51933 2.18667 5.19602
threshold=66.478785014384513 48.718921741000578 15.356646252870567 0.99698006633989855 -8.9417019062781531 0.80511655607507859 -73.156232598704364
decision_type=2 10 10 2 10 2 10
left_child=1 5 -3 4 -4 6 -1
right_child=-2 2 3 -5 -6 -7 -8
leaf_value=0.013178407301706061 -0.0021670519405260565 0.0032186907644822559 -0.0075927604294843487 0.0034161463039945727 -0.00020605255382838132 -0.00016244891125760511 -0.0098833140100954061
leaf_weight=50 1704 2067 220 763 1749 11283 239
leaf_count=50 1704 2067 220 763 1749 11283 239
internal_value=5.38477e-11 0.000225561 0.00150631 0.000210734 -0.00103138 -0.000305574 -0.0058934
internal_weight=18075 16371 4799 2732 1969 11572 289
internal_count=18075 16371 4799 2732 1969 11572 289
is_linear=0
shrinkage=0.0650566


Tree=6
num_leaves=8
num_cat=0
split_feature=7 5 1 7 0 7 7
split_gain=2.73748 5.35636 1.69763 2.79853 2.76742 1.92432 1.71141
threshold=0.0040473799809777576 67.653200991143478 -1.0000000180025095e-35 0.004959728317230413 19.375967516558557 0.0059711462955379423 0.019492209111653478
decision_type=2 2 8 2 8 2 2
left_child=1 -1 3 -2 -4 -6 -5
right_child=2 -3 4 6 5 -7 -8
leaf_value=-0.00069928671489418229 0.0028357373258324414 -0.011527659516093426 0.004339101631379386 -0.0011150987772770354 -0.0012073773093220438 0.0018575567283062875 0.002874224689507454
leaf_weight=6800 1146 199 1150 4609 1407 2259 505
leaf_count=6800 1146 199 1150 4609 1407 2259 505
internal_value=1.06515e-10 -0.00100717 0.000636435 -7.00083e-05 0.00155469 0.000681244 -0.000721159
internal_weight=18075 6999 11076 6260 4816 3666 5114
internal_count=18075 6999 11076 6260 4816 3666 5114
is_linear=0
shrinkage=0.0650566


Tree=7
num_leaves=8
num_cat=0
split_feature=5 2 2 5 6 2 6
split_gain=1.78325 2.56111 1.95903 2.00564 3.07128 2.52805 3.96773
threshold=71.318521255177131 34.088866306362569 42.169178763616976 50.07484937902165 0.79356349543308269 -46.936065678263041 0.87362957737181135
decision_type=2 10 8 2 2 8 2
left_child=2 -2 3 5 -5 -1 -7
right_child=1 -3 -4 4 -6 6 -8
leaf_value=-0.0012032231064433693 -0.014146161458435218 -0.0017909947687938341 0.0010629564443706725 -0.015576428292159576 -0.0014071923786201951 -0.0053551011373169444 0.0017764988816856473
leaf_weight=3145 79 702 6205 66 3406 359 4113
leaf_count=3145 79 702 6205 66 3406 359 4113
internal_value=3.75432e-12 -0.00304075 0.000137321 -0.000380631 -0.00167654 0.000210072 0.00120399
internal_weight=18075 781 17294 11089 3472 7617 4472
internal_count=18075 781 17294 11089 3472 7617 4472
is_linear=0
shrinkage=0.0650566


Tree=8
num_leaves=8
num_cat=0
split_feature=5 5 2 2 2 2 5
split_gain=1.59369 2.1552 1.94835 1.91504 1.7236 1.52102 2.63358
threshold=66.478785014384513 56.940007456812602 43.718755036337996 34.088866306362569 80.528315617772918 73.607397438246281 56.684124027456342
decision_type=2 2 8 8 10 10 2
left_child=1 5 -3 -2 -4 6 -1
right_child=3 2 4 -5 -6 -7 -8
leaf_value=-0.00031812767468973477 -0.0081810634977560123 -0.00064565452211190867 0.0029522578334728348 -0.0011369657073203056 -0.0030760558535929392 0.0025458352009888356 -0.01052475437629293
leaf_weight=11502 183 1223 2535 1521 218 785 108
leaf_count=11502 183 1223 2535 1521 218 785 108
internal_value=6.2858e-11 0.000197084 0.00151503 -0.00189346 0.0024749 -0.000225679 -0.000413073
internal_weight=18075 16371 3976 1704 2753 12395 11610
internal_count=18075 16371 3976 1704 2753 12395 11610
is_linear=0
shrinkage=0.0650566


Tree=9
num_leaves=8
num_cat=0
split_feature=7 2 7 0 2 1 2
split_gain=2.41076 2.64085 3.88385 2.67282 2.58697 2.20791 2.58381
threshold=0.0040473799809777576 -53.923074555164838 0.012967048233526244 18.74834718170386 -29.523392207590657 -8.1186879166543715 69.871413645516384
decision_type=2 8 2 10 10 8 10
left_child=-1 2 -2 5 -5 -3 -7
right_child=1 3 -4 4 -6 6 -8
leaf_value=-0.00094515373856042929 -0.00064203512311912937 -0.00026773514971873547 -0.01037584167989518 0.0023015649100175993 -0.00060652026694176311 0.002161856379616689 0.0068920191001444371
leaf_weight=6999 1309 873 200 1811 4541 1647 695
leaf_count=6999 1309 873 200 1811 4541 1647 695
internal_value=7.61591e-12 0.000597249 -0.00193214 0.000996208 0.000222595 0.00252466 0.00356556
internal_weight=18075 11076 1509 9567 6352 3215 2342
internal_count=18075 11076 1509 9567 6352 3215 2342
is_linear=0
shrinkage=0.0650566


Tree=10
num_leaves=8
num_cat=0
split_feature=4 7 2 7 7 2 7
split_gain=2.30731 2.13523 2.72686 3.18071 2.05261 2.97417 1.89726
threshold=0.0077056140414873972 0.0040473799809777576 -53.923074555164838 0.012967048233526244 0.0038669789984920122 -50.489324415723743 0.013313404329561029
decision_type=8 2 8 2 2 8 2
left_child=-1 4 3 -3 -2 -6 -4
right_child=1 2 6 -5 5 -7 -8
leaf_value=-0.0026569232817582676 -0.00038920949949451488 -0.00061198482303856058 0.00081935750648668934 -0.0095284607755140114 0.0060223300861368331 -0.0072961649566539652 0.0034608716620521452
leaf_weight=1285 6138 1286 7334 195 87 385 1365
leaf_count=1285 6138 1286 7334 195 87 385 1365
internal_value=1.78062e-11 0.000203344 0.000794518 -0.001786 -0.000707118 -0.00484127 0.00123385
internal_weight=18075 16790 10180 1481 6610 472 8699
internal_count=18075 16790 10180 1481 6610 472 8699
is_linear=0
shrinkage=0.0650566


Tree=11
num_leaves=8
num_cat=0
split_feature=5 8 0 5 2 0 5
split_gain=1.51782 1.92187 1.82898 1.4935 1.43096 2.04214 1.95801
threshold=74.333410509713801 0.85307196853810596 28.513703000547505 79.766933161411472 42.169178763616976 15.356646252870567 50.07484937902165
decision_type=2 2 10 2 8 10 2
left_child=4 2 -2 -4 6 -6 -1
right_child=1 -3 3 -5 5 -7 -8
leaf_value=0.00023696392561288579 -0.010986905768272845 0.0082833007462113362 0.0027475762757299977 -0.0079493471115059753 0.0023337233005850323 -4.6604845905174625e-05 -0.0016089231141455573
leaf_weight=7617 150 49 132 95 2470 3989 3573
leaf_count=7617 150 49 132 95 2470 3989 3573
internal_value=-1.54463e-11 -0.00383723 -0.00541258 -0.00172911 9.26206e-05 0.000863662 -0.000352433
internal_weight=18075 426 377 227 17649 6459 11190
internal_count=18075 426 377 227 17649 6459 11190
is_linear=0
shrinkage=0.0650566


Tree=12
num_leaves=8
num_cat=0
split_feature=4 4 5 0 6 4 5
split_gain=1.96907 1.85368 1.87665 1.54573 1.98766 1.47667 2.52969
threshold=0.0077056140414873972 2.9161286163592597e-09 64.09265321609594 9.804278912651645 1.1533832581478727 0.15247044802847801 30.25323210745475
decision_type=8 10 2 10 2 10 2
left_child=1 2 -1 -3 -5 6 -2
right_child=5 3 -4 4 -6 -7 -8
leaf_value=0.0037419510767574783 -0.0053484251727661542 -0.013952775925162589 -0.0095823415482257073 -0.00088176716142403147 -0.0072715598214321952 -7.1762052623205932e-05 0.0022184260522403001
leaf_weight=287 203 61 53 557 327 14216 2371
leaf_count=287 203 61 53 557 327 14216 2371
internal_value=3.73287e-11 -0.00245447 0.00166493 -0.00393658 -0.00324541 0.000187849 0.00162166
internal_weight=18075 1285 340 945 884 16790 2574
internal_count=18075 1285 340 945 884 16790 2574
is_linear=0
shrinkage=0.0650566


Tree=13
num_leaves=8
num_cat=0
split_feature=7 5 4 6 4 2 5
split_gain=1.8819 4.45294 2.14191 2.22137 2.11425 2.33066 2.06276
threshold=0.0040473799809777576 67.653200991143478 0.6749809738356497 0.86692106605625485 0.77376167591204181 53.333617090416702 62.350545404019506
decision_type=2 2 8 2 10 10 2
left_child=1 2 3 -1 5 -3 -5
right_child=-2 4 -4 6 -6 -7 -8
leaf_value=-0.0087505704978480103 0.00052768827471128996 -0.014919558167394112 0.00052144236336532253 -0.0018753060500014192 -0.019946538249986441 0.0023440511950314946 0.0043911080306579704
leaf_weight=183 11076 62 3640 2735 66 71 242
leaf_count=183 11076 62 3640 2735 66 71 242
internal_value=4.05467e-11 -0.000835073 -0.000554356 -0.00179357 -0.0104274 -0.00570365 -0.00136591
internal_weight=18075 6999 6800 3160 199 133 2977
internal_count=18075 6999 6800 3160 199 133 2977
is_linear=0
shrinkage=0.0650566


Tree=14
num_leaves=8
num_cat=0
split_feature=2 0 8 6 2 2 2
split_gain=1.08719 2.62199 1.40899 1.20913 3.2907 3.01171 2.23687
threshold=73.607397438246281 11.453620107958569 0.66550818170486703 0.80511655607507859 -73.156232598704364 23.706832034043476 -56.582036822676628
decision_type=8 8 2 2 10 10 10
left_child=3 2 -2 4 -1 6 -6
right_child=1 -3 -4 -5 5 -7 -8
leaf_value=0.01257669507709502 0.0036405082645414432 0.00010131615797074775 0.01190399204020323 -6.9296188855487233e-05 -0.00082003150435155058 -0.00045574647779591366 -0.015730095395792686
leaf_weight=50 336 1405 118 15703 62 265 136
leaf_count=50 336 1405 118 15703 62 265 136
internal_value=-2.14533e-13 0.00149017 0.00578829 -0.000170833 -0.00327889 -0.00499116 -0.0110613
internal_weight=18075 1859 454 16216 513 463 198
internal_count=18075 1859 454 16216 513 463 198
is_linear=0
shrinkage=0.0650566


Tree=15
num_leaves=8
num_cat=0
split_feature=4 4 2 0 6 4 2
split_gain=1.68165 1.58979 1.74383 1.33471 1.76748 1.3089 1.93051
threshold=0.0077056140414873972 2.9161286163592597e-09 34.759542514885517 9.804278912651645 1.1533832581478727 0.15247044802847801 -12.455155940737933
decision_type=8 10 10 10 2 10 10
left_child=1 2 -1 -3 -5 6 -2
right_child=5 3 -4 4 -6 -7 -8
leaf_value=0.0037686159106371563 0.0034952070483928225 -0.012948276132103144 -0.0082228743752584994 -0.00076968751727968709 -0.0067951982309416327 -7.0819794391838159e-05 -8.6418130758657847e-05
leaf_weight=277 1157 61 63 557 327 14216 1417
leaf_count=277 1157 61 63 557 327 14216 1417
internal_value=4.29065e-11 -0.00226827 0.00154666 -0.00364084 -0.00299858 0.000173599 0.0015235
internal_weight=18075 1285 340 945 884 16790 2574
internal_count=18075 1285 340 945 884 16790 2574
is_linear=0
shrinkage=0.0650566


Tree=16
num_leaves=8
num_cat=0
split_feature=7 2 6 7 6 6 1
split_gain=1.60152 2.02838 3.8097 2.08638 1.66849 2.52819 1.59443
threshold=0.0040473799809777576 -53.923074555164838 1.1076101554355817 0.012967048233526244 0.97293682784499824 1.0277769376709434 -1.5263598150983373
decision_type=2 8 2 2 2 2 8
left_child=-1 2 3 4 -2 -6 -3
right_child=1 6 -4 -5 5 -7 -8
leaf_value=-0.00077035757623674565 -0.0013856614396596516 2.5833320346357163e-05 -0.011155763388852925 -0.0075211221009527877 0.0087387119819030135 -0.0016420581105147246 0.0017066081200267193
leaf_weight=6999 787 4953 162 162 208 190 4614
leaf_count=6999 787 4953 162 162 208 190 4614
internal_value=-1.80207e-11 0.000486794 -0.00172996 -0.000596345 0.000350334 0.00378307 0.000836442
internal_weight=18075 11076 1509 1347 1185 398 9567
internal_count=18075 11076 1509 1347 1185 398 9567
is_linear=0
shrinkage=0.0650566


Tree=17
num_leaves=8
num_cat=0
split_feature=4 7 2 6 7 7 2
split_gain=1.5001 1.42175 2.07171 2.94593 1.87136 1.79877 2.58298
threshold=0.0077056140414873972 0.0040473799809777576 -53.923074555164838 1.1076101554355817 0.012967048233526244 0.0038669789984920122 -50.489324415723743
decision_type=8 2 8 2 2 2 8
left_child=-1 5 3 4 -3 -2 -7
right_child=1 2 -4 -5 -6 6 -8
leaf_value=-0.002142327070037503 -0.00028137145611293202 0.00026300606222269692 0.001029290883396819 -0.010343566409351515 -0.0072167367099520248 0.0056749194337627398 -0.0067368257626764733
leaf_weight=1285 6138 1173 8699 147 161 87 385
leaf_count=1285 6138 1173 8699 147 161 87 385
internal_value=2.33841e-11 0.00016396 0.000646356 -0.0016029 -0.000639722 -0.000578974 -0.00444907
internal_weight=18075 16790 10180 1481 1334 6610 472
internal_count=18075 16790 10180 1481 1334 6610 472
is_linear=0
shrinkage=0.0650566


Tree=18
num_leaves=8
num_cat=0
split_feature=5 7 4 4 2 4 2
split_gain=1.31615 4.0288 2.42726 2.24202 1.85674 2.06294 1.75114
threshold=66.478785014384513 0.0076342444812354309 0.55399477661039997 0.98866472647119563 34.759542514885517 0.58237542285905841 72.317456871579779
decision_type=2 2 10 10 8 10 10
left_child=-1 3 -3 4 -2 -6 -7
right_child=1 2 -4 -5 5 6 -8
leaf_value=0.00017910276848276261 -0.012598569096668706 -0.00075419223095057213 0.0070699630636670346 -0.015371309258046311 0.00049786703731593304 -0.010450935169113358 -0.0013378213571602444
leaf_weight=16371 88 519 248 75 415 193 166
leaf_count=16371 88 519 248 75 415 193 166
internal_value=1.14775e-11 -0.00172071 0.00177565 -0.00458273 -0.00364405 -0.00262596 -0.00623707
internal_weight=18075 1704 767 937 862 774 359
internal_count=18075 1704 767 937 862 774 359
is_linear=0
shrinkage=0.0650566


Tree=19
num_leaves=8
num_cat=0
split_feature=5 7 6 0 7 5 2
split_gain=1.25636 3.24219 3.08412 1.65853 1.30247 2.15442 1.76219
threshold=74.333410509713801 0.0052998040811287296 1.1461707992203947 43.198725561128775 0.0040473799809777576 67.653200991143478 -53.923074555164838
decision_type=2 2 2 10 2 2 8
left_child=4 -2 -3 -4 5 -1 -6
right_child=1 2 3 -5 6 -7 -8
leaf_value=-0.00042486600537047233 -0.016181976273311426 0.0046659136249509328 -0.014451038210021564 -0.0013420169631095217 -0.0015241362488627283 -0.0077765951175613642 0.00087504937202032105
leaf_weight=6800 71 191 77 87 1509 173 9167
leaf_count=6800 71 191 77 87 1509 173 9167
internal_value=-1.60899e-12 -0.00349112 -0.000952946 -0.00749686 8.42663e-05 -0.000607262 0.000535936
internal_weight=18075 426 355 164 17649 6973 10676
internal_count=18075 426 355 164 17649 6973 10676
is_linear=0
shrinkage=0.0650566


Tree=20
num_leaves=8
num_cat=0
split_feature=1 1 7 5 5 1 5
split_gain=1.28854 1.62808 1.92669 1.99777 1.80003 1.57172 1.40844
threshold=31.07082934572065 -1.4322350357865623 0.0048177489258488049 69.028013393906789 67.381525891131531 -0.56927476756450968 64.763093719896048
decision_type=10 8 2 2 2 10 2
left_child=1 4 3 5 -1 -3 -2
right_child=6 2 -4 -5 -6 -7 -8
leaf_value=-0.00025766579747514345 -0.0016624282332596274 0.0045643597536277544 0.0017485193262648312 -0.0081334822855210209 -0.0037295054580579854 -0.00027865740661168716 -0.010615508204262054
leaf_weight=8035 480 304 4123 130 686 4229 88
leaf_count=8035 480 304 4123 130 686 4229 88
internal_value=-1.2872e-12 9.89393e-05 0.000723983 -0.000181906 -0.000530763 4.61335e-05 -0.00304953
internal_weight=18075 17507 8786 4663 8721 4533 568
internal_count=18075 17507 8786 4663 8721 4533 568
is_linear=0
shrinkage=0.0650566


Tree=21
num_leaves=8
num_cat=0
split_feature=1 1 7 5 5 5 6
split_gain=1.12633 1.42598 2.22191 1.72306 1.24841 3.50718 3.35845
threshold=31.07082934572065 1.2196485336324179 0.0059711462955379423 73.501130901040213 38.657289433803236 31.997642433475502 1.2197071837721016
decision_type=10 8 2 2 2 2 2
left_child=1 3 -3 4 5 -1 -7
right_child=-2 2 -4 -5 -6 6 -8
leaf_value=-0.0031294867971237272 -0.0028511333129711664 -3.6008236790312894e-05 0.0023963429154847753 -0.005658615216404133 -0.00051760401389920271 0.0020180284030963669 0.012290794662976336
leaf_weight=416 568 4560 2440 256 9042 621 172
leaf_count=416 568 4560 2440 256 9042 621 172
internal_value=1.41592e-11 9.25027e-05 0.00081184 -0.000386736 -0.00025508 0.00170831 0.00424617
internal_weight=18075 17507 7000 10507 10251 1209 793
internal_count=18075 17507 7000 10507 10251 1209 793
is_linear=0
shrinkage=0.0650566


Tree=22
num_leaves=8
num_cat=0
split_feature=4 4 2 5 6 4 4
split_gain=1.19445 1.33245 1.43894 1.28046 2.33898 1.31629 1.23162
threshold=0.0077056140414873972 2.9161286163592597e-09 34.759542514885517 54.695033902938839 1.1005558742977957 6.9814154457503727e-09 1.2486693734548028e-08
decision_type=8 10 10 2 2 10 10
left_child=1 2 -1 5 -5 -3 -7
right_child=-2 3 -4 4 -6 6 -8
leaf_value=0.0035992728245717526 0.0001463061915728542 -0.0021033809349481412 -0.0072936071180623816 0.0044779199637088951 -0.0063188348768887506 -0.013258734044231502 -0.0045533663246954438
leaf_weight=277 16790 314 63 203 146 119 163
leaf_count=277 16790 314 63 203 146 119 163
internal_value=2.57439e-11 -0.00191166 0.00158089 -0.00316823 -3.8774e-05 -0.00500075 -0.00822691
internal_weight=18075 1285 340 945 349 596 282
internal_count=18075 1285 340 945 349 596 282
is_linear=0
shrinkage=0.0650566


Tree=23
num_leaves=8
num_cat=0
split_feature=4 0 7 4 4 7 4
split_gain=1.04409 1.35183 1.21011 1.45466 2.41263 2.65096 1.62566
threshold=0.0077056140414873972 9.804278912651645 0.019492209111653478 0.86459036510290244 0.47027353887956935 0.021625844850005637 0.57759977248308969
decision_type=8 10 2 10 10 2 10
left_child=1 -1 -2 4 -4 -6 -7
right_child=2 -3 3 -5 5 6 -8
leaf_value=-0.010645437800505298 1.9627739730962852e-05 -0.0012846504218182026 0.0045408801126894339 0.01047937002054756 0.0095713947116880041 -0.018033055202585246 -0.0037927143298522731
leaf_weight=69 16067 1216 416 90 48 47 122
leaf_count=69 16067 1216 416 90 48 47 122
internal_value=2.24187e-11 -0.00178729 0.000136788 0.0027404 0.00164008 -0.00392091 -0.00775305
internal_weight=18075 1285 16790 723 633 217 169
internal_count=18075 1285 16790 723 633 217 169
is_linear=0
shrinkage=0.0650566


Tree=24
num_leaves=8
num_cat=0
split_feature=1 6 2 7 1 6 4
split_gain=0.999399 1.6884 1.95788 1.55241 1.53267 1.36711 1.10152
threshold=-23.71382809934244 1.0612405226646824 -43.675067292976131 0.0051756799676053343 -14.808532998521278 1.1271430810811236 0.010592006174596826
decision_type=10 2 10 2 10 2 10
left_child=1 3 -3 -1 -2 -4 -6
right_child=4 2 5 -5 6 -7 -8
leaf_value=0.010766665529375085 -0.0021910692353619239 -0.012282428486455076 -0.004458232944158127 -0.00019883309154161309 -0.0018921405746617447 0.0035578100060536951 0.00022636091538481235
leaf_weight=153 1368 48 121 85 1117 352 14831
leaf_count=153 1368 48 121 85 1117 352 14831
internal_value=2.11315e-11 0.0023106 0.000236749 0.00685042 -0.000101279 0.00150719 7.79808e-05
internal_weight=18075 759 521 238 17316 473 15948
internal_count=18075 759 521 238 17316 473 15948
is_linear=0
shrinkage=0.0650566


Tree=25
num_leaves=8
num_cat=0
split_feature=5 5 6 0 6 7 0
split_gain=0.976786 1.93774 1.98771 1.87422 1.62049 1.51519 1.41133
threshold=30.25323210745475 38.423653697274844 1.3418578295190688 45.656826147524988 1.4652265288328947 0.00854818438261872 17.312728481187232
decision_type=2 2 2 10 2 2 10
left_child=3 2 -2 -1 5 -5 -3
right_child=1 6 -4 4 -6 -7 -8
leaf_value=-0.006343346640148048 0.0015935298030372643 0.00066509787890812327 0.010459935320813967 -0.0033423642728573821 -0.0073348269907966479 0.0067284438413803644 -0.00060638655634598305
leaf_weight=292 1541 5908 115 99 82 175 9863
leaf_count=292 1541 5908 115 99 82 175 9863
internal_value=1.26574e-11 9.22207e-05 0.00220925 -0.00248014 0.000688561 0.00308972 -0.000130074
internal_weight=18075 17427 1656 648 356 274 15771
internal_count=18075 17427 1656 648 356 274 15771
is_linear=0
shrinkage=0.0650566


Tree=26
num_leaves=8
num_cat=0
split_feature=7 0 2 2 0 7 8
split_gain=0.941853 1.51388 2.04876 1.50362 2.11379 2.89743 1.84852
threshold=0.0040473799809777576 7.5282679236670189 73.607397438246281 -53.923074555164838 20.190870527992526 0.0050744137275495786 0.61643969287365319
decision_type=2 8 10 8 10 2 2
left_child=-1 2 -2 4 5 -3 -6
right_child=1 3 -4 -5 6 -7 -8
leaf_value=-0.000590768471826426 0.0020910294877876322 0.0035158648807478658 0.013459963585879685 0.00049058147830956396 -0.0019530189886614404 -0.0075153399305501285 0.0044845302910355754
leaf_weight=6999 572 132 76 9034 548 426 288
leaf_count=6999 572 132 76 9034 548 426 288
internal_value=1.72699e-11 0.000373311 0.00342442 0.000183713 -0.00180499 -0.00490581 0.000264701
internal_weight=18075 11076 648 10428 1394 558 836
internal_count=18075 11076 648 10428 1394 558 836
is_linear=0
shrinkage=0.0650566


Tree=27
num_leaves=8
num_cat=0
split_feature=6 7 6 5 7 5 7
split_gain=0.972585 2.89744 1.41312 1.87072 1.24082 2.4891 1.36221
threshold=0.80511655607507859 0.0086522319017824003 0.76220415274290143 50.429254350559724 0.0012291209233543001 49.481768945948922 0.0019313816563606672
decision_type=2 2 2 2 2 2 2
left_child=1 2 3 -1 5 -2 -6
right_child=4 -3 -4 -5 6 -7 -8
leaf_value=0.012922900171400098 -0.016601474830238515 0.010541087319506695 -0.0052026673747243629 -0.0032663975084842077 0.0026935688360879093 0.0027985615564154469 1.0517611218577456e-05
leaf_weight=46 55 67 519 88 842 57 16401
leaf_count=46 55 67 519 88 842 57 16401
internal_value=5.79238e-12 -0.00234295 -0.00366489 0.00229112 9.72009e-05 -0.00672824 0.000141535
internal_weight=18075 720 653 134 17355 112 17243
internal_count=18075 720 653 134 17355 112 17243
is_linear=0
shrinkage=0.0650566


Tree=28
num_leaves=8
num_cat=0
split_feature=1 7 1 2 1 6 6
split_gain=0.921726 1.54494 2.31499 1.60662 2.43363 1.56899 1.85357
threshold=-1.4322350357865623 0.0059301057963700382 -0.56927476756450968 39.649304235177837 1.2196485336324179 0.80511655607507859 0.85970096209549152
decision_type=8 2 10 8 10 2 2
left_child=-1 2 -2 4 -3 -4 -7
right_child=1 3 5 -5 -6 6 -8
leaf_value=-0.00048113708669966982 0.0046420727749544232 -0.0043679259573545575 -0.0045987238713484516 0.0032751513224279667 0.0015026914064613932 0.0026986917588274033 -0.00072457971740081425
leaf_weight=8721 396 371 370 1380 1537 786 4514
leaf_count=8721 396 371 370 1380 1537 786 4514
internal_value=1.75917e-11 0.000448578 -0.000166971 0.0015842 0.000361182 -0.000502841 -0.000216902
internal_weight=18075 9354 6066 3288 1908 5670 5300
internal_count=18075 9354 6066 3288 1908 5670 5300
is_linear=0
shrinkage=0.0650566


Tree=29
num_leaves=8
num_cat=0
split_feature=5 7 6 4 7 5 7
split_gain=0.890893 2.71066 2.56867 3.34552 1.25605 1.10827 1.04602
threshold=74.333410509713801 0.0052998040811287296 1.1461707992203947 0.36062353842536055 0.008013814603171512 82.767385346680967 0.0099455766254750045
decision_type=2 2 2 10 2 2 2
left_child=-1 -2 3 -3 -5 6 -4
right_child=1 2 5 4 -6 -7 -8
leaf_value=7.0959376769818154e-05 -0.014543859272473947 0.013922621360436659 -0.0034165968415908591 0.0037834124523607052 -0.010515651359218857 0.00083585085016512012 -0.016276847655464093
leaf_weight=17649 71 87 49 52 52 56 59
leaf_count=17649 71 87 49 52 52 56 59
internal_value=3.21799e-12 -0.00293982 -0.000619008 0.00450886 -0.00336612 -0.0065911 -0.0104421
internal_weight=18075 426 355 191 104 164 108
internal_count=18075 426 355 191 104 164 108
is_linear=0
shrinkage=0.0650566


Tree=30
num_leaves=8
num_cat=0
split_feature=5 5 4 6 4 4 4
split_gain=0.875865 1.72917 2.76505 2.42079 1.76884 1.58358 1.51393
threshold=30.25323210745475 38.423653697274844 0.57759977248308969 1.0311724852440249 1.2486693734548028e-08 2.9161286163592597e-09 0.56425863102849239
decision_type=2 2 10 2 10 10 8
left_child=-1 2 4 -4 5 -2 -3
right_child=1 6 3 -5 -6 -7 -8
leaf_value=-0.0023485227875642421 0.0070198045718943098 -0.00086163680485826526 0.0005727303878596034 -0.0099438990733400224 0.0050203650956145637 -0.0069105987035849182 0.00042713318989189323
leaf_weight=648 51 6728 431 118 949 107 9043
leaf_count=648 51 6728 431 118 949 107 9043
internal_value=-3.31453e-11 8.73267e-05 0.00208718 -0.00168767 0.00395926 -0.00241408 -0.000122664
internal_weight=18075 17427 1656 549 1107 158 15771
internal_count=18075 17427 1656 549 1107 158 15771
is_linear=0
shrinkage=0.0650566


Tree=31
num_leaves=8
num_cat=0
split_feature=1 5 1 5 0 2 5
split_gain=0.895127 1.62626 1.29824 1.40317 2.29444 1.12944 0.999714
threshold=-23.71382809934244 28.58877648434591 -17.916179810608035 35.528239196563227 17.455705452014506 -17.621173322068348 56.940007456812602
decision_type=10 2 10 2 10 8 2
left_child=1 -1 3 -2 -5 -3 -7
right_child=2 5 -4 4 -6 6 -8
leaf_value=-0.0096690699503317254 0.0055003496890534123 0.0059207696533989142 2.7474974883596411e-05 0.0023428063034443159 -0.0058869009711406024 -0.0026276170579920262 0.0038392218383728654
leaf_weight=46 80 308 16524 199 513 197 208
leaf_count=46 80 308 16524 199 513 197 208
internal_value=7.40137e-12 0.00218674 -9.58499e-05 -0.00266886 -0.00358674 0.00295163 0.000693624
internal_weight=18075 759 17316 792 712 713 405
internal_count=18075 759 17316 792 712 713 405
is_linear=0
shrinkage=0.0650566


Tree=32
num_leaves=8
num_cat=0
split_feature=6 2 2 2 4 0 4
split_gain=0.781972 2.50734 3.15318 1.92753 2.47945 1.25938 1.10607
threshold=0.80511655607507859 -73.156232598704364 23.706832034043476 -56.582036822676628 0.95160100512168178 12.306536835678084 0.9316206433291645
decision_type=2 10 10 10 10 10 10
left_child=1 -1 3 -3 -5 6 -4
right_child=-2 2 5 4 -6 -7 -8
leaf_value=0.011952644643293854 8.7156931086372042e-05 -0.00053359022266353303 0.0077682010314607166 -0.0058448600911905268 -0.023420773892862394 -0.0059195610470367125 -0.00048765458016375944
leaf_weight=50 17355 62 94 70 66 123 255
leaf_count=50 17355 62 94 70 66 123 255
internal_value=-7.50864e-12 -0.00210085 -0.00314961 -0.0100404 -0.0143743 -0.000258998 0.00173599
internal_weight=18075 720 670 198 136 472 349
internal_count=18075 720 670 198 136 472 349
is_linear=0
shrinkage=0.0650566


Tree=33
num_leaves=8
num_cat=0
split_feature=1 5 5 8 1 7 5
split_gain=0.868965 1.24275 1.8077 1.40352 1.16781 1.55112 1.35237
threshold=31.07082934572065 64.763093719896048 42.877967324188965 0.37610368734500982 1.2196485336324179 0.0059711462955379423 70.31673414150994
decision_type=10 2 2 2 8 2 2
left_child=4 2 -2 -4 6 -6 -1
right_child=1 -3 3 -5 5 -7 -8
leaf_value=-0.00018676975799096986 -0.005469392495013682 -0.0096113268271084979 0.0093655525885204434 -0.00086298356201267197 2.3823362562448297e-05 0.0020561130851527655 -0.0036405820307991812
leaf_weight=10003 224 88 85 171 4560 2440 504
leaf_count=10003 224 88 85 171 4560 2440 504
internal_value=1.82353e-11 -0.00250429 -0.00120134 0.00253321 8.12497e-05 0.000732221 -0.000352442
internal_weight=18075 568 480 256 17507 7000 10507
internal_count=18075 568 480 256 17507 7000 10507
is_linear=0
shrinkage=0.0650566


Tree=34
num_leaves=8
num_cat=0
split_feature=1 8 8 8 1 5 1
split_gain=0.798103 2.02497 2.38284 1.15439 1.13493 1.1241 1.766
threshold=-23.71382809934244 0.46874999725345134 0.5684109103768209 0.10416666641299281 -14.808532998521278 71.318521255177131 1.669969590595576
decision_type=10 2 2 2 10 2 10
left_child=1 3 -3 -1 -2 -6 -7
right_child=4 2 -4 -5 5 6 -8
leaf_value=-0.0010594505292234543 -0.0018888100100395678 -0.011072883589539751 0.0015140655559680279 0.0068976574929711558 0.00017768231676271612 -0.0060252266216294093 0.00068390533303447983
leaf_weight=101 1368 86 245 327 15283 321 344
leaf_count=101 1368 86 245 327 15283 321 344
internal_value=6.43598e-13 0.00206483 -0.00175626 0.00501993 -9.05063e-05 6.375e-05 -0.00255464
internal_weight=18075 759 331 428 17316 15948 665
internal_count=18075 759 331 428 17316 15948 665
is_linear=0
shrinkage=0.0650566


Tree=35
num_leaves=8
num_cat=0
split_feature=7 5 7 0 5 8 5
split_gain=0.824736 1.00997 2.4332 2.04096 1.85361 1.72155 1.97201
threshold=0.019492209111653478 66.202026267510988 0.0076342444812354309 9.4469136087436194 65.954604114531833 0.85307196853810596 73.501130901040213
decision_type=2 2 2 8 2 2 2
left_child=1 4 3 -3 -1 6 -4
right_child=-2 2 5 -5 -6 -7 -8
leaf_value=2.0954403301846261e-05 0.0020679116381767592 -0.014556744954082006 0.0031381941965542568 -0.0028750998985162409 0.010631197367541211 0.01354164800382775 -0.0045480067939438207
leaf_weight=15567 781 68 412 916 70 46 215
leaf_count=15567 781 68 412 916 70 46 215
internal_value=1.07266e-11 -9.33872e-05 -0.00162065 -0.00368237 6.84518e-05 0.0013938 0.000502575
internal_weight=18075 17294 1657 984 15637 673 627
internal_count=18075 17294 1657 984 15637 673 627
is_linear=0
shrinkage=0.0650566


Tree=36
num_leaves=8
num_cat=0
split_feature=0 4 2 0 2 4 0
split_gain=0.780051 2.28247 1.99628 2.21417 1.96517 1.82883 1.64666
threshold=17.312728481187232 4.2164076674566794e-09 -24.520463315442068 17.050826282515189 -72.480322324454932 0.99066016311731608 34.810515723166802
decision_type=10 8 8 8 10 10 10
left_child=1 -1 3 4 -3 -2 -7
right_child=5 2 -4 -5 -6 6 -8
leaf_value=-0.013253638803562657 -0.00013908144568470213 0.0026570641173700605 0.0014419383182883801 0.012485540627466056 -0.0026984501881679346 -0.005555427389469624 0.0056114154475332481
leaf_weight=50 11352 370 4408 49 1341 441 64
leaf_count=50 11352 370 4408 49 1341 441 64
internal_value=1.20138e-11 0.000590168 0.000702391 -0.00114984 -0.00154033 -0.000309494 -0.00414022
internal_weight=18075 6218 6168 1760 1711 11857 505
internal_count=18075 6218 6168 1760 1711 11857 505
is_linear=0
shrinkage=0.0650566


Tree=37
num_leaves=8
num_cat=0
split_feature=5 5 6 1 1 5 5
split_gain=0.780623 1.45054 1.59245 1.37713 1.35336 1.24482 1.16164
threshold=30.25323210745475 38.423653697274844 1.3418578295190688 7.7844774060810602 27.126204077913556 34.1248589619833 17.750704810671376
decision_type=2 2 2 10 10 2 2
left_child=3 2 -2 6 -5 -4 -1
right_child=1 -3 5 4 -6 -7 -8
leaf_value=-0.01437214163602603 0.0013629865991523697 -0.00010988738691748534 0.0017167628903501943 0.0049194497550307673 -0.004931389482620091 0.015341180167235801 -0.0033624233422449904
leaf_weight=46 1541 15771 51 168 91 64 343
leaf_count=46 1541 15771 51 168 91 64 343
internal_value=1.12093e-11 8.24421e-05 0.0019141 -0.00221716 0.00145834 0.00929905 -0.00466434
internal_weight=18075 17427 1656 648 259 115 389
internal_count=18075 17427 1656 648 259 115 389
is_linear=0
shrinkage=0.0650566


Tree=38
num_leaves=8
num_cat=0
split_feature=2 0 1 5 0 1 2
split_gain=0.748683 2.11711 1.99239 1.20816 2.31647 2.119 1.83121
threshold=73.607397438246281 11.453620107958569 -9.7911253982356374 51.650037759959481 31.099590576567461 7.4128134521588374 74.33503467907812
decision_type=8 8 8 2 8 10 10
left_child=-1 -2 -3 4 5 -4 -5
right_child=1 2 3 6 -6 -7 -8
leaf_value=-0.00014176504980677963 0.0050988023297752223 -0.013037350887086324 -0.0051032585255172871 0.010724147571327483 -0.016959535346171853 0.010913573105826644 0.00057517788222293811
leaf_weight=16216 454 48 122 81 46 49 1059
leaf_count=16216 454 48 122 81 46 49 1059
internal_value=-2.1346e-11 0.00123661 -1.13841e-05 0.000449372 -0.00399987 -0.00051364 0.00129629
internal_weight=18075 1859 1405 1357 217 171 1140
internal_count=18075 1859 1405 1357 217 171 1140
is_linear=0
shrinkage=0.0650566


Tree=39
num_leaves=8
num_cat=0
split_feature=6 6 0 1 0 0 4
split_gain=0.753973 1.26298 1.97079 1.88932 1.17195 0.986257 2.19363
threshold=0.80511655607507859 0.76220415274290143 2.5685814534851423 7.2388336288641435 5.0911941971354269 17.312728481187232 0.72972863833623258
decision_type=2 2 10 10 10 10 8
left_child=1 4 -3 -4 -1 6 -2
right_child=5 2 3 -5 -6 -7 -8
leaf_value=0.010963445589260561 -0.00087221986650123451 -0.016046338627274854 -0.00040842444633694966 -0.010378891503686413 -0.0011595499946838032 -0.00025238097844390388 0.001792451312056394
leaf_weight=54 2087 48 429 99 90 11767 3501
leaf_count=54 2087 48 429 99 90 11767 3501
internal_value=9.43943e-12 -0.00206289 -0.00342526 -0.00227789 0.00338657 8.55824e-05 0.000797253
internal_weight=18075 720 576 528 144 17355 5588
internal_count=18075 720 576 528 144 17355 5588
is_linear=0
shrinkage=0.0650566


Tree=40
num_leaves=8
num_cat=0
split_feature=1 6 2 0 6 2 1
split_gain=0.726607 1.43159 1.63991 1.46196 1.18929 0.99377 0.979159
threshold=-23.71382809934244 1.0612405226646824 -43.675067292976131 27.266488394422812 1.1271430810811236 23.706832034043476 -17.916179810608035
decision_type=10 2 10 8 2 10 10
left_child=1 3 -3 5 -4 -1 -2
right_child=6 2 4 -5 -6 -7 -8
leaf_value=0.0074245891661941735 -0.0023209031070319753 -0.011397038626907618 -0.0043406938683599131 0.013816187278465673 0.0031358657429282253 -0.0027045959365855545 2.0745050295649802e-05
leaf_weight=89 792 48 121 73 352 76 16524
leaf_count=89 792 48 121 73 352 76 16524
internal_value=-1.68408e-11 0.00197018 6.05431e-05 0.00615051 0.00122326 0.00275903 -8.63574e-05
internal_weight=18075 759 521 238 473 165 17316
internal_count=18075 759 521 238 473 165 17316
is_linear=0
shrinkage=0.0650566


Tree=41
num_leaves=8
num_cat=0
split_feature=8 2 6 0 2 8 0
split_gain=0.693579 1.38563 1.03182 0.987277 1.91939 1.01864 1.83205
threshold=0.013292191569403053 -32.675143319932843 1.0173999881958411 2.5685814534851423 20.023445351422996 0.15789473611515689 66.970606538109607
decision_type=2 8 2 8 10 2 10
left_child=1 -1 -3 4 -2 6 -5
right_child=3 2 -4 5 -6 -7 -8
leaf_value=0.0031599068874349928 -0.014848631822786982 -0.0031233434612275893 -0.013705946881237661 0.0015025562180604058 0.00093887670494093858 -0.00011676076208666211 -0.010829337462564245
leaf_weight=92 55 115 59 2618 80 15004 52
leaf_count=92 55 115 59 2618 80 15004 52
internal_value=-2.14533e-11 -0.00329746 -0.0067117 4.92517e-05 -0.00549307 9.15858e-05 0.00126238
internal_weight=18075 266 174 17809 135 17674 2670
internal_count=18075 266 174 17809 135 17674 2670
is_linear=0
shrinkage=0.0650566


Tree=42
num_leaves=8
num_cat=0
split_feature=1 5 5 8 5 1 8
split_gain=0.709938 1.3865 1.47155 1.09254 1.23777 1.03259 1.20525
threshold=28.276987969583995 65.739260463102156 42.877967324188965 0.27619935605402207 52.429642149286188 1.2196485336324179 0.25113657441213016
decision_type=10 2 2 2 2 8 2
left_child=5 2 -2 -4 -5 -1 -7
right_child=1 -3 3 4 -6 6 -8
leaf_value=-0.00032285829125428038 -0.0042758064107668052 -0.0091168428154578419 0.0083722632843697947 0.004885302018736974 -0.0045020829981270343 -0.00090263682912686445 0.0011665309265838884
leaf_weight=10507 284 100 87 111 128 1535 5323
leaf_count=10507 284 100 87 111 128 1535 5323
internal_value=1.50173e-12 -0.00201637 -0.000852361 0.00213003 -0.000142251 8.24431e-05 0.000703397
internal_weight=18075 710 610 326 239 17365 6858
internal_count=18075 710 610 326 239 17365 6858
is_linear=0
shrinkage=0.0650566


Tree=43
num_leaves=8
num_cat=0
split_feature=7 5 2 2 6 7 5
split_gain=0.75885 2.50823 1.50028 1.30726 2.91772 1.63399 1.60619
threshold=0.0040473799809777576 67.653200991143478 75.47156077659362 -53.923074555164838 1.1076101554355817 0.012967048233526244 28.58877648434591
decision_type=2 2 10 8 2 2 2
left_child=1 -1 -3 4 5 6 -2
right_child=3 2 -4 -5 -6 -7 -8
leaf_value=-0.00031959538140603224 0.011565380437637992 -0.0046321788542883864 -0.018031419025728877 0.00061578322367741183 -0.0096934002948361863 -0.0065806565189192685 -0.00012778744480367005
leaf_weight=6800 52 153 46 9567 162 162 1133
leaf_count=6800 52 153 46 9567 162 162 1133
internal_value=1.50173e-11 -0.000530278 -0.00772949 0.000335086 -0.00144452 -0.00045245 0.00038533
internal_weight=18075 6999 199 11076 1509 1347 1185
internal_count=18075 6999 199 11076 1509 1347 1185
is_linear=0
shrinkage=0.0650566


Tree=44
num_leaves=8
num_cat=0
split_feature=5 5 4 4 1 2 2
split_gain=0.657401 1.34822 2.38017 1.76821 1.72705 1.44547 1.66214
threshold=30.25323210745475 38.423653697274844 0.57759977248308969 0.92123461439900645 -5.9603536871957461 -37.088230402418063 -55.914948768830918
decision_type=2 2 10 10 10 10 10
left_child=-1 2 4 -4 -2 6 -6
right_child=1 -3 3 -5 5 -7 -8
leaf_value=-0.0020346580148834711 0.0070216034269080423 -0.00010976557645976568 -0.003934915007181853 0.0043333451598163378 -0.0029228066810336331 -0.002384764031320004 0.0060372868022339349
leaf_weight=648 396 15771 398 151 117 245 349
leaf_count=648 396 15771 398 151 117 245 349
internal_value=7.07958e-12 7.56561e-05 0.00184153 -0.00166077 0.00357844 0.00166073 0.00378765
internal_weight=18075 17427 1656 549 1107 711 466
internal_count=18075 17427 1656 549 1107 711 466
is_linear=0
shrinkage=0.0650566


Tree=45
num_leaves=8
num_cat=0
split_feature=7 6 1 6 1 6 6
split_gain=0.754422 0.8329 0.793233 1.04717 0.952307 1.89006 1.30256
threshold=0.019492209111653478 1.4652265288328947 -1.3297897932652416 0.80511655607507859 11.462676511840217 0.91467237978234184 0.82646233126709179
decision_type=2 2 8 2 10 2 2
left_child=2 -2 -1 -4 -5 6 -6
right_child=1 -3 3 4 5 -7 -8
leaf_value=-0.00054674764026295213 0.0027153375997009807 -0.0041420308404467466 -0.0025765658873602424 0.00099366323720569073 0.0059824906098769406 0.00035047717670975672 -0.0049389669014068419
leaf_weight=8323 697 84 494 5641 51 2292 493
leaf_count=8323 697 84 494 5641 51 2292 493
internal_value=-5.14878e-12 0.0019778 -8.93177e-05 0.000335071 0.000504747 -0.00046774 -0.00391508
internal_weight=18075 781 17294 8971 8477 2836 544
internal_count=18075 781 17294 8971 8477 2836 544
is_linear=0
shrinkage=0.0650566


Tree=46
num_leaves=8
num_cat=0
split_feature=7 2 2 2 7 0 5
split_gain=0.66306 1.36804 1.5896 0.87242 2.29604 2.81745 2.23578
threshold=0.029741261086829902 48.268677847276791 -47.988403576960557 42.169178763616976 0.0061941169697853158 18.914139822669078 52.994734503276611
decision_type=2 10 10 8 2 10 2
left_child=3 2 -2 -1 -5 6 -6
right_child=1 -3 -4 4 5 -7 -8
leaf_value=-0.00040395234068029551 -0.0053181551067024756 -0.0065323956197338145 0.0079682501754639503 -0.00031095906596570043 -0.0025302315152875877 0.00024755230592965374 0.0062730025635302266
leaf_weight=11089 48 51 185 4483 144 1272 803
leaf_count=11089 48 51 185 4483 144 1272 803
internal_value=-4.66608e-12 0.00311867 0.00523114 -4.97838e-05 0.000536217 0.00224775 0.00493439
internal_weight=18075 284 233 17791 6702 2219 947
internal_count=18075 284 233 17791 6702 2219 947
is_linear=0
shrinkage=0.0650566


Tree=47
num_leaves=8
num_cat=0
split_feature=7 0 7 7 4 6 4
split_gain=0.632524 2.86511 1.09843 1.91741 1.74032 1.92559 1.51898
threshold=0.0012291209233543001 14.814534741725634 0.0019313816563606672 0.002396972734228103 0.98466899563594812 0.84081108620214906 0.71123856418083997
decision_type=2 8 2 2 10 2 10
left_child=1 -1 4 -4 6 -6 -2
right_child=2 -3 3 -5 5 -7 -8
leaf_value=0.0056814953290366893 0.00034793427874632961 -0.012735714778763946 -0.0026476075054386911 0.00010132766437124438 -0.013072801673780931 0.0027796001664955753 0.006004834089665941
leaf_weight=66 381 78 1152 15843 62 68 425
leaf_count=66 381 78 1152 15843 62 68 425
internal_value=-9.11764e-12 -0.00429449 3.44881e-05 -8.50079e-05 0.00220418 -0.00478078 0.00333079
internal_weight=18075 144 17931 16995 936 130 806
internal_count=18075 144 17931 16995 936 130 806
is_linear=0
shrinkage=0.0650566


Tree=48
num_leaves=8
num_cat=0
split_feature=1 6 2 0 6 0 1
split_gain=0.633045 1.26852 1.43077 1.27873 1.00273 0.868363 0.847342
threshold=-23.71382809934244 1.0612405226646824 -43.675067292976131 28.34882346911105 1.1271430810811236 28.000258765676715 -16.30952666560102
decision_type=10 2 10 8 2 10 10
left_child=1 3 -3 -1 5 -4 -2
right_child=6 2 4 -5 -6 -7 -8
leaf_value=0.0027580649819327506 -0.0018451181205788719 -0.01066068460189191 0.0014843557893347325 0.01331385277330259 0.0028836226785234607 -0.0095385033539064287 3.6767458182016859e-05
leaf_weight=170 1080 48 61 68 352 60 16236
leaf_count=170 1080 48 61 68 352 60 16236
internal_value=-1.43737e-11 0.00183896 4.13778e-05 0.005774 0.00112742 -0.00398152 -8.06059e-05
internal_weight=18075 759 521 238 473 121 17316
internal_count=18075 759 521 238 473 121 17316
is_linear=0
shrinkage=0.0650566


Tree=49
num_leaves=8
num_cat=0
split_feature=2 7 0 5 2 5 6
split_gain=0.592573 2.05761 1.91877 1.6846 1.66063 1.50353 1.58347
threshold=73.607397438246281 0.0058838828736816713 17.165436320763472 67.96011946857918 79.038112500006534 55.034387661988852 0.92326390036378791
decision_type=8 2 10 2 10 2 2
left_child=-1 3 -3 -2 -5 -4 -7
right_child=1 2 5 4 -6 6 -8
leaf_value=-0.00012612205077893948 0.00040118464120157801 0.0082473991429888004 0.0094695907362775129 0.0002650358929613623 -0.015588500748441611 -0.0090813961621079384 0.0023644760959684805
leaf_weight=16216 1189 277 63 54 58 82 136
leaf_count=16216 1189 277 63 54 58 82 136
internal_value=1.66263e-11 0.00110016 0.00440503 -0.000317304 -0.00794483 0.000617361 -0.00194085
internal_weight=18075 1859 558 1301 112 281 218
internal_count=18075 1859 558 1301 112 281 218
is_linear=0
shrinkage=0.0650566


Tree=50
num_leaves=8
num_cat=0
split_feature=1 5 5 5 2 2 5
split_gain=0.584657 0.96088 1.3886 1.00562 1.31983 0.888367 1.07752
threshold=31.07082934572065 64.763093719896048 42.877967324188965 38.216219592275813 -49.827268511156049 20.023445351422996 58.565102692354039
decision_type=10 2 2 2 10 10 2
left_child=-1 2 3 4 -2 -4 -7
right_child=1 -3 5 -5 -6 6 -8
leaf_value=6.6645551615412984e-05 -0.0084246172559565916 -0.0083034583543564952 0.0062879406849624293 -0.011541312139364398 0.0034522925759825178 -0.0064772739274443648 0.0054492571485496794
leaf_weight=17507 72 88 125 64 88 75 56
leaf_count=17507 72 88 125 64 88 75 56
internal_value=5.84601e-12 -0.00205416 -0.000908457 -0.00464917 -0.00189232 0.00236467 -0.00137891
internal_weight=18075 568 480 224 160 256 131
internal_count=18075 568 480 224 160 256 131
is_linear=0
shrinkage=0.0650566


Tree=51
num_leaves=8
num_cat=0
split_feature=8 2 0 2 8 0 8
split_gain=0.598142 1.21823 0.838791 1.66804 0.930496 1.58395 0.983727
threshold=0.013292191569403053 -32.675143319932843 2.5685814534851423 20.023445351422996 0.15789473611515689 66.970606538109607 0.049201562700127231
decision_type=2 8 8 10 2 10 2
left_child=1 -1 3 -2 5 6 -4
right_child=2 -3 4 -5 -6 -7 -8
leaf_value=0.0029925535302990362 -0.013784335512583512 -0.006263561919057717 -0.00068301233690277183 0.00093320330053102657 -0.00011436973536332289 -0.010039449666675295 0.0021807554307491568
leaf_weight=92 55 174 689 80 15004 52 1929
leaf_count=92 55 174 689 80 15004 52 1929
internal_value=-1.13166e-11 -0.0030622 4.57378e-05 -0.00506283 8.47588e-05 0.00120376 0.00142707
internal_weight=18075 266 17809 135 17674 2670 2618
internal_count=18075 266 17809 135 17674 2670 2618
is_linear=0
shrinkage=0.0650566


Tree=52
num_leaves=8
num_cat=0
split_feature=4 4 2 2 4 2 4
split_gain=0.545859 1.18303 1.47044 1.33949 1.15793 2.01906 4.36472
threshold=0.016121822742493745 0.15247044802847801 -12.455155940737933 -49.222961462463509 0.52205849984511243 -41.130453097340535 0.47027353887956935
decision_type=8 8 10 10 8 10 10
left_child=-1 2 3 -2 5 6 -3
right_child=1 4 -4 -5 -6 -7 -8
leaf_value=-0.0011945191833243332 -0.0059963406638988475 0.003998526636344482 4.2170031396496481e-07 0.0038629872877094951 0.00025189594205803328 -0.0018226302668403354 -0.0074574018763977953
leaf_weight=1486 62 703 1300 983 10224 3141 176
leaf_count=1486 62 703 1300 983 10224 3141 176
internal_value=1.39446e-12 0.000107002 0.00146102 0.00327803 -0.000115911 -0.00105135 0.00170473
internal_weight=18075 16589 2345 1045 14244 4020 879
internal_count=18075 16589 2345 1045 14244 4020 879
is_linear=0
shrinkage=0.0650566


Tree=53
num_leaves=8
num_cat=0
split_feature=5 0 4 5 4 6 7
split_gain=0.601696 1.73125 1.61601 1.12175 2.02283 1.95235 2.18126
threshold=30.25323210745475 45.656826147524988 0.19258270320894813 38.423653697274844 0.57759977248308969 1.0311724852440249 0.00854818438261872
decision_type=2 10 10 2 10 2 2
left_child=1 -1 -3 4 -2 6 -6
right_child=3 2 -4 -5 5 -7 -8
leaf_value=-0.0056594843675912467 0.0032843543795917363 -0.0012418877246082318 0.0093064614583086049 -9.6753127908244136e-05 -0.0021422195458122252 -0.0089600845233877777 0.0086393215230741709
leaf_weight=292 1107 277 79 15771 326 118 105
leaf_count=292 1107 277 79 15771 326 118 105
internal_value=2.89619e-12 -0.00194655 0.0010989 7.23798e-05 0.00168313 -0.00154558 0.000484374
internal_weight=18075 648 356 17427 1656 549 431
internal_count=18075 648 356 17427 1656 549 431
is_linear=0
shrinkage=0.0650566


Tree=54
num_leaves=8
num_cat=0
split_feature=1 2 5 2 4 1 8
split_gain=0.601663 1.11809 1.03856 1.25193 1.42893 1.02869 1.2925
threshold=-1.4322350357865623 80.528315617772918 67.381525891131531 34.088866306362569 0.9455355747773927 -5.6304239101487807 0.53252531818236337
decision_type=8 10 2 10 10 10 2
left_child=1 2 -1 -4 5 6 -5
right_child=-2 -3 3 4 -6 -7 -8
leaf_value=-0.00010929649098235347 0.00036242118320603924 -0.0079495917831933147 -0.0087924851651285715 0.00068992488332675263 -0.01219266306005636 0.0046203771382474787 -0.0072247621865730305
leaf_weight=7964 9354 82 120 244 48 127 136
leaf_count=7964 9354 82 120 244 48 127 136
internal_value=-9.33217e-12 -0.000388727 -0.00031696 -0.00276709 -0.0014643 -0.000448596 -0.0021427
internal_weight=18075 8721 8639 675 555 507 380
internal_count=18075 8721 8639 675 555 507 380
is_linear=0
shrinkage=0.0650566


Tree=55
num_leaves=8
num_cat=0
split_feature=6 2 2 5 8 8 8
split_gain=0.582724 2.16414 2.32806 2.16029 0.794119 0.775786 1.40376
threshold=0.80511655607507859 -73.940519352091002 23.706832034043476 47.569652104606753 0.97598620387314072 0.049201562700127231 0.12727272572974949
decision_type=2 10 10 2 2 2 2
left_child=1 -1 3 -3 5 -2 -7
right_child=4 2 -4 -5 -6 6 -8
leaf_value=0.011839172718724689 -0.0017161588241954614 -0.0022506271137122343 -0.00024405347736506714 -0.015729984636503203 -0.0049903519885826225 0.0022275322071459479 3.6269562153673568e-05
leaf_weight=46 928 107 472 95 130 1349 14948
leaf_count=46 928 107 472 95 130 1349 14948
internal_value=1.53391e-11 -0.00181355 -0.00274534 -0.00858993 7.52381e-05 0.000113469 0.000217653
internal_weight=18075 720 674 202 17355 17225 16297
internal_count=18075 720 674 202 17355 17225 16297
is_linear=0
shrinkage=0.0650566


Tree=56
num_leaves=8
num_cat=0
split_feature=1 5 4 2 1 4 0
split_gain=0.548691 1.23637 1.11652 0.986974 0.737417 1.28429 1.60657
threshold=-23.71382809934244 31.007764004193383 8.1906428861522346e-09 -34.454371359874287 -1.4322350357865623 1.2486693734548028e-08 52.088016518196198
decision_type=10 2 8 8 10 10 10
left_child=1 -1 -3 -4 5 6 -2
right_child=4 2 3 -5 -6 -7 -8
leaf_value=-0.0070916388928296955 -0.0080338387509228809 0.011665519534490632 0.0063588425061920041 0.00034887281987366637 0.00031842031297718419 -0.00038357710035887401 0.0039388312612904635
leaf_weight=62 192 52 151 494 9315 7746 63
leaf_count=62 192 52 151 494 9315 7746 63
internal_value=6.70414e-12 0.00171206 0.00249517 0.00175586 -7.50435e-05 -0.000533126 -0.00507588
internal_weight=18075 759 697 645 17316 8001 255
internal_count=18075 759 697 645 17316 8001 255
is_linear=0
shrinkage=0.0650566


Tree=57
num_leaves=8
num_cat=0
split_feature=6 5 2 4 6 1 4
split_gain=0.55873 1.57761 1.62115 1.98305 1.50476 3.16707 2.7527
threshold=0.98504950496446175 57.070439486579261 75.801352138537865 0.80469462359668886 0.9422813132597766 -17.084941395226441 0.23267369504624288
decision_type=2 2 8 8 2 10 10
left_child=1 2 -1 -4 6 -6 -3
right_child=-2 4 3 -5 5 -7 -8
leaf_value=-0.001220004613863523 0.00038304425713619838 0.011059439351185245 -0.0097203776942332929 0.0036007091912505433 -0.017087557361385005 -0.00045629188139590499 0.0011943064526922071
leaf_weight=6003 8520 127 52 523 52 712 2086
leaf_count=6003 8520 127 52 523 52 712 2086
internal_value=-5.73875e-12 -0.000341553 -0.000903919 0.00239602 0.000901055 -0.00158826 0.00176045
internal_weight=18075 9555 6578 575 2977 764 2213
internal_count=18075 9555 6578 575 2977 764 2213
is_linear=0
shrinkage=0.0650566


Tree=58
num_leaves=8
num_cat=0
split_feature=7 7 0 5 7 8 7
split_gain=0.56394 0.760786 0.891705 0.760413 1.9611 1.7659 2.32567
threshold=0.029741261086829902 0.032525336953892862 27.266488394422812 74.333410509713801 0.0052998040811287296 0.82024641539867649 0.011944189222039972
decision_type=2 2 10 2 2 2 2
left_child=3 -2 -3 -1 -5 6 -6
right_child=1 2 -4 4 5 -7 -8
leaf_value=1.9736972098241637e-05 0.0087082260628386591 0.0051217143034213604 -0.0032970231796756889 -0.012642873645911892 0.0011798272336525177 0.010154868281080223 -0.011375186381643769
leaf_weight=17377 71 107 106 71 199 53 91
leaf_count=17377 71 107 106 71 199 53 91
internal_value=2.03806e-12 0.00287614 0.000932108 -4.59121e-05 -0.00280143 -0.000764281 -0.00275985
internal_weight=18075 284 213 17791 414 343 290
internal_count=18075 284 213 17791 414 343 290
is_linear=0
shrinkage=0.0650566


Tree=59
num_leaves=8
num_cat=0
split_feature=0 7 7 5 7 5 5
split_gain=0.555906 1.57973 1.71498 2.11313 2.05589 3.14259 1.55681
threshold=17.312728481187232 0.0012291209233543001 0.0019313816563606672 48.914403200362692 0.002396972734228103 57.305215697335683 48.226113083786849
decision_type=10 2 2 2 2 2 2
left_child=-1 -2 3 -3 5 6 -4
right_child=1 2 4 -5 -6 -7 -8
leaf_value=0.00049821304443944589 -0.010618629185968155 -0.0012698513589710324 -0.0027514642678229603 0.0072966749157630639 -0.00014861959796663539 0.0044128589923247323 -0.0098050832199849062
leaf_weight=6218 62 217 271 278 10618 152 259
leaf_count=6218 62 217 271 278 10618 152 259
internal_value=-6.22145e-12 -0.000261271 -0.000206828 0.00354125 -0.000371013 -0.00383344 -0.00619842
internal_weight=18075 11857 11795 495 11300 682 530
internal_count=18075 11857 11795 495 11300 682 530
is_linear=0
shrinkage=0.0650566


Tree=60
num_leaves=8
num_cat=0
split_feature=7 1 7 8 8 1 4
split_gain=0.541025 0.540088 0.889637 1.09388 1.04058 0.905539 1.30943
threshold=0.047090974000590931 -1.4322350357865623 0.0012291209233543001 0.0057971501293969064 0.19999999876637911 -3.5606287013441187 0.83014334010516755
decision_type=2 8 2 2 2 10 10
left_child=1 2 -1 -4 5 -5 -7
right_child=-2 -3 3 4 -6 6 -8
leaf_value=-0.0086395670521853263 0.0056678246790411863 0.00032128932104559321 -0.0088803052077204812 0.0017298404521963757 -0.0006647243021991676 -0.0055122973917132055 0.002251132884229142
leaf_weight=55 71 9328 63 1571 6618 195 174
leaf_count=55 71 9328 63 1571 6618 195 174
internal_value=-1.55536e-12 -2.23515e-05 -0.000391817 -0.000339198 -0.000276322 0.00104865 -0.00185149
internal_weight=18075 18004 8676 8621 8558 1940 369
internal_count=18075 18004 8676 8621 8558 1940 369
is_linear=0
shrinkage=0.0650566


Tree=61
num_leaves=8
num_cat=0
split_feature=6 7 2 2 6 6 0
split_gain=0.537182 2.04718 1.78416 1.6754 1.82584 2.09061 1.32298
threshold=0.80511655607507859 0.0088477585050722521 -72.480322324454932 75.801352138537865 0.76220415274290143 0.77833803213862118 12.772944296991378
decision_type=2 2 10 10 2 2 10
left_child=1 2 -1 4 -4 -6 -5
right_child=-2 -3 3 6 5 -7 -8
leaf_value=0.0092602961900217304 7.223822488294657e-05 0.0094612632872730501 0.0023790571738534988 0.0074855283134129145 -0.016485847845588684 -0.0050000010123631596 -0.0052286054860997341
leaf_weight=48 17355 63 95 86 88 282 58
leaf_count=48 17355 63 95 86 88 282 58
internal_value=2.73529e-12 -0.00174124 -0.00281545 -0.00376724 -0.00566612 -0.00773177 0.00236456
internal_weight=18075 720 657 609 465 370 144
internal_count=18075 720 657 609 465 370 144
is_linear=0
shrinkage=0.0650566


Tree=62
num_leaves=8
num_cat=0
split_feature=1 5 5 0 5 2 5
split_gain=0.533678 1.0923 1.16201 0.967782 1.98703 1.51866 3.15393
threshold=28.276987969583995 65.739260463102156 42.877967324188965 48.086097939535158 26.423091863699835 -37.088230402418063 52.622311927012468
decision_type=10 2 2 8 2 8 2
left_child=3 2 -2 4 -1 -5 -7
right_child=1 -3 -4 5 -6 6 -8
leaf_value=-0.0078259317567505073 -0.0037572312143591266 -0.0080505164146442241 0.0019351441212672545 0.0041637605823573575 -1.3131952828029923e-05 -0.0043589536046694591 0.0031635478134171709
leaf_weight=139 284 100 326 606 15651 406 563
leaf_count=139 284 100 326 606 15651 406 563
internal_value=7.61591e-12 -0.00174824 -0.000715077 7.14799e-05 -8.19083e-05 0.00160926 1.17051e-05
internal_weight=18075 710 610 17365 15790 1575 969
internal_count=18075 710 610 17365 15790 1575 969
is_linear=0
shrinkage=0.0650566


Tree=63
num_leaves=8
num_cat=0
split_feature=0 6 7 7 5 6 5
split_gain=0.520692 0.5775 2.39655 1.97245 2.59114 2.07996 2.0792
threshold=83.98664986981322 0.98504950496446175 0.014257275836166226 0.008013814603171512 47.00340981098573 1.1028200507716928 65.739260463102156
decision_type=10 2 2 2 2 2 2
left_child=1 2 -1 5 -5 -3 -6
right_child=-2 3 -4 4 6 -7 -8
leaf_value=-0.00054408968639185014 -0.0055602975395783044 0.0020625928769517406 0.0045106998183729588 0.00089191565389660024 -0.005287337001451127 -0.0005212816303801506 -7.7113560763454245e-05
leaf_weight=9140 71 3578 415 1455 766 2088 562
leaf_count=9140 71 3578 415 1455 766 2088 562
internal_value=8.15224e-12 2.19274e-05 -0.000324546 0.000413756 -0.00100456 0.0011104 -0.00308241
internal_weight=18075 18004 9555 8449 2783 5666 1328
internal_count=18075 18004 9555 8449 2783 5666 1328
is_linear=0
shrinkage=0.0650566


Tree=64
num_leaves=8
num_cat=0
split_feature=5 1 1 4 5 5 4
split_gain=0.515278 1.18461 1.27173 1.77569 1.05341 0.895992 1.71743
threshold=30.25323210745475 7.7844774060810602 0.33468124916844127 0.16201646407993262 28.58877648434591 38.423653697274844 0.57759977248308969
decision_type=2 10 10 10 2 2 10
left_child=1 2 3 -1 -3 6 -2
right_child=5 4 -4 -5 -6 -7 -8
leaf_value=-0.0060782455290364044 0.0029819583230352399 0.0037120487671855442 -0.01085102841246063 0.0041790044822109761 -0.0065721049652463929 -8.4177923783622952e-05 -0.0014684627097322088
leaf_weight=181 1107 206 90 118 53 15771 549
leaf_count=181 1107 206 90 118 53 15771 549
internal_value=-1.02976e-11 -0.00180135 -0.00407103 -0.00203023 0.00160757 6.69807e-05 0.00150655
internal_weight=18075 648 389 299 259 17427 1656
internal_count=18075 648 389 299 259 17427 1656
is_linear=0
shrinkage=0.0650566


Tree=65
num_leaves=8
num_cat=0
split_feature=0 7 7 8 6 7 5
split_gain=0.548548 1.34993 1.48826 1.87104 1.85606 1.80265 2.78867
threshold=17.312728481187232 0.0012291209233543001 0.0019313816563606672 0.54908706399461515 1.0226049407768827 0.002396972734228103 58.681587282395249
decision_type=10 2 2 2 2 2 2
left_child=-1 -2 3 -3 -5 6 -4
right_child=1 2 5 4 -6 -7 -8
leaf_value=0.00049490495147280994 -0.0098339740380286537 0.0068306253510906721 -0.0055363481185510301 0.0021758961270875055 -0.011817897764102504 -0.00015390950089496277 0.0053531602621145766
leaf_weight=6218 62 277 561 165 53 10618 121
leaf_count=6218 62 277 561 165 53 10618 121
internal_value=6.43598e-12 -0.000259536 -0.000209208 0.00328234 -0.00122626 -0.000362157 -0.00360434
internal_weight=18075 11857 11795 495 218 11300 682
internal_count=18075 11857 11795 495 218 11300 682
is_linear=0
shrinkage=0.0650566


Tree=66
num_leaves=8
num_cat=0
split_feature=0 0 4 4 5 5 4
split_gain=0.500805 1.05822 1.20764 0.830298 1.3702 1.14099 1.85263
threshold=66.970606538109607 64.056990828132982 0.10015278318315297 2.9161286163592597e-09 46.885817259246785 31.007764004193383 0.016121822742493745
decision_type=10 8 10 10 2 2 10
left_child=1 3 -3 4 -1 6 -5
right_child=-2 2 -4 5 -6 -7 -8
leaf_value=0.0084684723451138137 -0.0020365408563663722 0.0010620886615411655 0.012194203214636046 -0.01236464179668406 -0.0020768123282485654 4.9356674959424079e-05 -0.0014242541270083522
leaf_weight=124 497 116 64 77 90 16668 439
leaf_count=124 497 116 64 77 90 16668 439
internal_value=1.34083e-12 5.75811e-05 0.00502017 6.23805e-06 0.00403354 -4.39157e-05 -0.00305683
internal_weight=18075 17578 180 17398 214 17184 516
internal_count=18075 17578 180 17398 214 17184 516
is_linear=0
shrinkage=0.0650566


Tree=67
num_leaves=8
num_cat=0
split_feature=6 6 7 7 4 2 2
split_gain=0.487572 0.544565 2.0959 1.65897 2.4486 2.1426 2.08692
threshold=1.6759907418824993 0.98504950496446175 0.014257275836166226 0.0079289013638008353 0.42329138438500885 4.2959991011547158 36.234585510128746
decision_type=2 2 2 2 10 10 10
left_child=1 2 -1 6 5 -5 -3
right_child=-2 3 -4 4 -6 -7 -8
leaf_value=-0.00052054155992208311 -0.0053805538207677053 0.00020336055894456311 0.0042065623546861403 0.0021111090292705481 -0.004016862307505426 -0.0021635730597329636 0.0029045671582432113
leaf_weight=9140 71 3892 415 1166 770 864 1757
leaf_count=9140 71 3892 415 1166 770 864 1757
internal_value=1.01903e-12 2.12186e-05 -0.00031523 0.00040171 -0.000893128 0.000291737 0.00104351
internal_weight=18075 18004 9555 8449 2800 2030 5649
internal_count=18075 18004 9555 8449 2800 2030 5649
is_linear=0
shrinkage=0.0650566


Tree=68
num_leaves=8
num_cat=0
split_feature=0 4 4 0 0 5 4
split_gain=0.505881 1.82696 1.56434 1.38437 2.12531 1.36064 1.88494
threshold=17.312728481187232 4.2164076674566794e-09 0.99066016311731608 34.810515723166802 21.566685622665549 67.381525891131531 0.45076716292842645
decision_type=10 8 10 10 10 2 8
left_child=1 -1 -2 4 -4 -3 -7
right_child=2 5 3 -5 -6 6 -8
leaf_value=-0.011910345550888525 -9.1629516610902643e-05 0.00081302344235001877 0.0001983067583815242 0.0051491523175641596 -0.0089469351134345964 -0.011357037224520318 -0.00051651262892678891
leaf_weight=50 11352 5817 186 64 255 92 259
leaf_count=50 11352 5817 186 64 255 92 259
internal_value=-1.66263e-12 0.000475268 -0.000249238 -0.00379215 -0.00508976 0.00057567 -0.0033579
internal_weight=18075 6218 11857 505 441 6168 351
internal_count=18075 6218 11857 505 441 6168 351
is_linear=0
shrinkage=0.0650566


Tree=69
num_leaves=8
num_cat=0
split_feature=7 0 0 7 7 2 5
split_gain=0.45949 0.575319 0.479878 1.43619 2.03534 1.36113 1.35423
threshold=0.047090974000590931 83.98664986981322 46.962655989533758 0.0058031724332423323 0.0054477990425136806 -38.005518491077282 32.466795786644674
decision_type=2 10 8 2 2 8 2
left_child=1 2 6 4 5 -4 -1
right_child=-2 -3 3 -5 -6 -7 -8
leaf_value=-0.0034592639352579819 0.0052233073439495112 -0.0059496795533895037 0.003813500777017738 0.0026782165033839385 -0.0098796745728997101 -0.0012815199132097785 -1.5005296392903181e-05
leaf_weight=499 71 69 308 1029 93 794 15212
leaf_count=499 71 69 308 1029 93 794 15212
internal_value=7.45501e-12 -2.05985e-05 2.21205e-06 0.000896631 -0.000637471 0.000142497 -0.000124399
internal_weight=18075 18004 17935 2224 1195 1102 15711
internal_count=18075 18004 17935 2224 1195 1102 15711
is_linear=0
shrinkage=0.0650566


Tree=70
num_leaves=8
num_cat=0
split_feature=7 5 4 2 4 5 2
split_gain=0.449577 2.08569 1.70145 1.83293 1.38405 1.79866 2.34639
threshold=0.0040473799809777576 68.660461624030063 0.77376167591204181 53.333617090416702 0.6749809738356497 62.350545404019506 60.079285098633754
decision_type=2 2 10 10 8 2 10
left_child=1 4 3 -3 5 6 -1
right_child=-2 2 -4 -5 -6 -7 -8
leaf_value=-0.0012240626283014204 0.00025791747066058757 -0.012502364049300371 -0.018203023215000905 0.0044948402963223902 0.00062298776284658492 0.0038373563693864673 -0.0088144970738734292
leaf_weight=2726 11076 50 47 58 3663 271 184
leaf_count=2726 11076 50 47 58 3663 271 184
internal_value=-4.77335e-12 -0.000408157 -0.00787071 -0.00337424 -0.000239149 -0.00123192 -0.00170401
internal_weight=18075 6999 155 108 6844 3181 2910
internal_count=18075 6999 155 108 6844 3181 2910
is_linear=0
shrinkage=0.0650566


Tree=71
num_leaves=8
num_cat=0
split_feature=6 2 2 5 0 8 2
split_gain=0.488855 1.71918 1.92997 1.97176 0.840916 0.856835 0.677927
threshold=0.80511655607507859 -73.156232598704364 23.706832034043476 47.569652104606753 12.306536835678084 0.15445307295801192 75.801352138537865
decision_type=2 10 10 2 10 2 10
left_child=1 -1 3 -3 5 -4 -7
right_child=-2 2 4 -5 -6 6 -8
leaf_value=0.0099758549947662391 6.8912227146811689e-05 -0.0018722765584059534 0.0082975720512153666 -0.014889070110455304 -0.0048935079237227667 -0.0021017159045032836 0.0049499819839889693
leaf_weight=50 17355 106 62 92 123 207 80
leaf_count=50 17355 106 62 92 123 207 80
internal_value=2.52076e-12 -0.00166107 -0.0025295 -0.00792048 -0.000268027 0.00136216 -0.000136086
internal_weight=18075 720 670 198 472 349 287
internal_count=18075 720 670 198 472 349 287
is_linear=0
shrinkage=0.0650566


Tree=72
num_leaves=8
num_cat=0
split_feature=0 8 0 0 5 2 2
split_gain=0.460609 1.62127 0.898463 0.75619 0.892728 0.741994 2.33031
threshold=66.970606538109607 0.48478524723842403 64.056990828132982 65.469337054922519 48.005975430754056 -48.588032841262148 -38.005518491077282
decision_type=10 2 8 10 2 10 10
left_child=2 -2 -1 4 -4 -3 -7
right_child=1 5 3 -5 -6 6 -8
leaf_value=7.9130545550518182e-06 -0.0065000756711084068 -0.0055917550478169244 0.0015160729895799408 -0.00059672429327489295 0.013351682857863267 0.013078915787106106 -0.0012666041875759098
leaf_weight=17398 199 57 49 71 60 66 175
leaf_count=17398 199 57 49 71 60 66 175
internal_value=3.27162e-12 -0.0019531 5.5222e-05 0.0046279 0.00803109 0.0010833 0.00266204
internal_weight=18075 497 17578 180 109 298 241
internal_count=18075 497 17578 180 109 298 241
is_linear=0
shrinkage=0.0650566


Tree=73
num_leaves=8
num_cat=0
split_feature=6 7 7 4 6 4 4
split_gain=0.438576 1.80296 1.58698 2.03757 1.78584 3.49113 1.77863
threshold=0.98504950496446175 0.014257275836166226 0.0079289013638008353 0.42329138438500885 1.1076101554355817 0.70764357071500938 0.52769019605439504
decision_type=2 2 2 10 2 10 10
left_child=1 -1 4 -4 -2 -6 -5
right_child=2 -3 3 6 5 -7 -8
leaf_value=-0.00049303066305528547 0.0018228788984585005 0.0038913002269141367 0.00014517198564946958 -0.0091224598579371739 -0.0011173146415269198 0.013472772487120864 -0.0019445844330790757
leaf_weight=9140 3665 415 2082 196 1931 72 574
leaf_count=9140 3665 415 2082 196 1931 72 574
internal_value=1.1263e-12 -0.000302607 0.000339367 -0.000912323 0.000969188 -0.000592858 -0.00377168
internal_weight=18075 9555 8520 2852 5668 2003 770
internal_count=18075 9555 8520 2852 5668 2003 770
is_linear=0
shrinkage=0.0650566


Tree=74
num_leaves=8
num_cat=0
split_feature=0 4 4 8 0 0 8
split_gain=0.4492 1.60756 1.37515 1.71122 1.42016 1.62256 1.28925
threshold=17.312728481187232 4.2164076674566794e-09 0.99066016311731608 0.56086486751121944 21.566685622665549 29.588941754807156 0.76251972453523342
decision_type=10 8 10 2 10 10 2
left_child=1 -1 6 4 -4 -6 -2
right_child=2 -3 3 -5 5 -7 -8
leaf_value=-0.011170292249855513 0.00022796682927141471 0.00054203256630017582 -0.0010874417886967537 0.00098719543317822263 -0.014606135049111839 -0.0015392559119742828 -0.0016127557114151399
leaf_weight=50 9409 6168 116 207 122 60 1943
leaf_count=50 9409 6168 116 207 122 60 1943
internal_value=1.0083e-11 0.000447852 -0.000234861 -0.00355663 -0.00671291 -0.0102984 -8.70899e-05
internal_weight=18075 6218 11857 505 298 182 11352
internal_count=18075 6218 11857 505 298 182 11352
is_linear=0
shrinkage=0.0650566


Tree=75
num_leaves=8
num_cat=0
split_feature=1 6 2 6 2 0 0
split_gain=0.471856 1.01926 1.45188 0.975512 0.864785 0.674202 1.02619
threshold=-23.71382809934244 1.0691416566320879 -43.675067292976131 1.1271430810811236 23.706832034043476 39.786141933392919 44.853048928347576
decision_type=10 2 10 2 10 10 10
left_child=1 4 -3 -4 -1 -5 -7
right_child=-2 2 3 5 -6 6 -8
leaf_value=0.0082709956177865092 -6.9591148166896387e-05 -0.010980598318326056 -0.0043555385630339883 0.0046582318957902949 0.00054936004866885132 -0.0087957084597455031 0.0037435276769172336
leaf_weight=144 17316 47 109 238 107 47 67
leaf_count=144 17316 47 109 238 107 47 67
internal_value=-2.14533e-13 0.00158767 -8.81192e-05 0.00102239 0.0049793 0.00268772 -0.00142616
internal_weight=18075 759 508 461 251 352 114
internal_count=18075 759 508 461 251 352 114
is_linear=0
shrinkage=0.0650566


Tree=76
num_leaves=8
num_cat=0
split_feature=1 4 1 4 4 0 0
split_gain=0.468099 1.11327 1.43917 1.23504 2.14668 1.22041 1.87308
threshold=1.2196485336324179 0.0077056140414873972 -28.167721682631612 0.15247044802847801 0.56425863102849239 23.819241544767355 21.853712293669336
decision_type=8 10 10 10 10 10 10
left_child=1 2 -1 -3 5 6 -5
right_child=-2 3 -4 4 -6 -7 -8
leaf_value=0.00504799837659437 0.00039009447032250074 0.0014877963720006141 -0.0046435953839139591 -0.0025384969523996222 0.00025938147978573652 -0.00073075727372605567 -0.010234894759217241
leaf_weight=76 7568 1667 442 1022 5685 1461 154
leaf_count=76 7568 1667 442 1022 5685 1461 154
internal_value=-6.75778e-12 -0.000280978 -0.00322166 -0.000128483 -0.000452243 -0.00198641 -0.00354636
internal_weight=18075 10507 518 9989 8322 2637 1176
internal_count=18075 10507 518 9989 8322 2637 1176
is_linear=0
shrinkage=0.0650566


Tree=77
num_leaves=8
num_cat=0
split_feature=6 6 5 3 6 5 6
split_gain=0.438459 0.88677 1.62041 0.8232 0.665909 1.56132 0.809644
threshold=0.80511655607507859 0.76220415274290143 50.313815756291767 1.0000000180025095e-35 0.84450182946715102 38.890735977529808 0.85046784976485379
decision_type=2 2 2 2 2 2 2
left_child=1 2 -1 -3 5 -2 -6
right_child=4 3 -4 -5 6 -7 -8
leaf_value=0.013066091198732407 -0.0089852280147053772 -0.0066463465448465334 -0.0017349864706988599 -0.0011762150976189481 -0.0040019974604491824 0.002041713038740108 7.9522559208980017e-06
leaf_weight=46 57 162 98 414 216 1167 15915
leaf_count=46 57 162 98 414 216 1167 15915
internal_value=8.36677e-12 -0.00157312 0.00299314 -0.00271469 6.52636e-05 0.0015282 -4.57424e-05
internal_weight=18075 720 144 576 17355 1224 16131
internal_count=18075 720 144 576 17355 1224 16131
is_linear=0
shrinkage=0.0650566


Tree=78
num_leaves=8
num_cat=0
split_feature=1 1 2 3 4 4 0
split_gain=0.461844 0.840291 1.11339 1.6884 0.819326 0.682986 0.789685
threshold=28.276987969583995 24.45395426011267 -37.520712594606479 1.0000000180025095e-35 0.20852920963922097 0.42329138438500885 52.088016518196198
decision_type=10 8 8 2 8 10 10
left_child=1 -1 -3 4 -4 6 -2
right_child=5 2 3 -5 -6 -7 -8
leaf_value=4.1922354889142436e-06 0.003929945652237591 0.0092709498535182514 0.00027771961119481519 0.0055771166283672385 -0.011869752947229952 -0.0067292258309562215 -0.0019724250506968771
leaf_weight=17042 119 95 47 134 47 96 495
leaf_count=17042 119 95 47 134 47 96 495
internal_value=-9.5467e-12 6.64954e-05 0.00335371 0.000888193 -0.00579602 -0.00162633 -0.00082848
internal_weight=18075 17365 323 228 94 710 614
internal_count=18075 17365 323 228 94 710 614
is_linear=0
shrinkage=0.0650566


Tree=79
num_leaves=8
num_cat=0
split_feature=8 5 5 8 8 5 1
split_gain=0.436519 0.895876 1.088 0.52685 1.5314 1.41576 1.10788
threshold=0.013292191569403053 44.859011383932874 52.002406499130402 0.19233392774107283 0.24333472404672671 66.202026267510988 1.3269829510490296
decision_type=2 2 2 2 2 2 8
left_child=1 -1 -3 -2 5 -5 -6
right_child=3 2 -4 4 6 -7 -8
leaf_value=0.0024493959315326935 0.00077582462674180119 -0.01213985291164309 -0.0014167334839279696 -0.0018299620954624546 -0.00046851778948158417 -0.010473136795916769 0.00072073497565797748
leaf_weight=95 3338 64 107 906 7591 88 5886
leaf_count=95 3338 64 107 906 7591 88 5886
internal_value=-1.17993e-12 -0.00261597 -0.00543006 3.90729e-05 -0.000130872 -0.00259515 5.08813e-05
internal_weight=18075 266 171 17809 14471 994 13477
internal_count=18075 266 171 17809 14471 994 13477
is_linear=0
shrinkage=0.0650566


Tree=80
num_leaves=8
num_cat=0
split_feature=6 6 7 4 7 8 8
split_gain=0.423913 0.463355 1.56997 1.41763 1.41765 1.6502 1.4016
threshold=1.6759907418824993 0.98504950496446175 0.014257275836166226 0.80852144181613095 0.017714575971777235 0.40956110178538446 0.58221428970458
decision_type=2 2 2 10 2 2 2
left_child=1 2 -1 4 -4 -6 -5
right_child=-2 -3 3 6 5 -7 -8
leaf_value=-0.00046825859526841511 -0.005017024820086491 0.00037076042592986612 0.0077377537243196451 0.0038018235005448393 0.0027434130195705263 -0.011710089013447824 0.015144309602321172
leaf_weight=9140 71 8449 62 153 70 64 66
leaf_count=9140 71 8449 62 153 70 64 66
internal_value=-6.06055e-12 1.9785e-05 -0.000290565 0.00362298 -0.000396255 -0.00415975 0.00722011
internal_weight=18075 18004 9555 415 196 134 219
internal_count=18075 18004 9555 415 196 134 219
is_linear=0
shrinkage=0.0650566


Tree=81
num_leaves=8
num_cat=0
split_feature=2 7 7 2 7 7 4
split_gain=0.435835 1.64382 1.3201 1.74322 1.59185 3.20849 1.81179
threshold=42.169178763616976 0.0061941169697853158 0.0030129185998691793 43.258360516973319 0.0022967070402569426 0.0020036645829461246 0.92625958449136092
decision_type=10 2 2 10 2 2 10
left_child=-1 2 4 -4 5 -2 -6
right_child=1 -3 3 -5 6 -7 -8
leaf_value=-0.00024604747004913991 0.0022694103402940832 0.0018375707349396627 0.0093528846237438592 -0.0013393600557243209 0.0054487946565712209 -0.0068988320892348918 -0.0013449469346521726
leaf_weight=11345 460 2275 66 2908 530 249 242
leaf_count=11345 460 2275 66 2908 530 249 242
internal_value=-1.14239e-11 0.000414771 -0.000311799 -0.00110207 0.00127515 -0.000950466 0.00331915
internal_weight=18075 6730 4455 2974 1481 709 772
internal_count=18075 6730 4455 2974 1481 709 772
is_linear=0
shrinkage=0.0650566


Tree=82
num_leaves=8
num_cat=0
split_feature=0 4 4 8 0 8 8
split_gain=0.431976 1.33551 1.19276 1.56131 1.77819 1.15514 1.92657
threshold=17.312728481187232 4.2164076674566794e-09 0.99066016311731608 0.38357471460185671 21.566685622665549 0.76251972453523342 0.61319340237900155
decision_type=10 8 10 2 10 2 2
left_child=1 -1 5 4 -4 6 -2
right_child=2 -3 3 -5 -6 -7 -8
leaf_value=-0.01015034053466946 -0.00027583464484114503 0.0005250238426048546 -0.0002165722616549112 -0.00037041038046656738 -0.012697058532794734 -0.0015368237101531126 0.0020058518965912482
leaf_weight=50 7424 6168 80 303 122 1943 1985
leaf_count=50 7424 6168 80 303 122 1943 1985
internal_value=-4.98788e-12 0.000439181 -0.000230314 -0.00332396 -0.00775429 -9.26911e-05 0.000205529
internal_weight=18075 6218 11857 505 202 11352 9409
internal_count=18075 6218 11857 505 202 11352 9409
is_linear=0
shrinkage=0.0650566


Tree=83
num_leaves=8
num_cat=0
split_feature=1 4 1 0 4 5 6
split_gain=0.42296 0.958469 1.42496 1.20168 1.14496 1.41932 2.87688
threshold=31.07082934572065 2.9161286163592597e-09 2.6628658336913422 62.938934022776301 0.0077056140414873972 62.350545404019506 1.2197071837721016
decision_type=10 8 10 10 8 2 2
left_child=1 2 -1 -4 5 -3 -7
right_child=-2 4 3 -5 -6 6 -8
leaf_value=-0.00065388392239262654 -0.0017471643738569355 -0.0040826571727178296 0.015804980983804985 0.0019947210163948027 0.0001138412632751052 0.0076499528710127053 -0.011006252517992433
leaf_weight=119 568 567 60 48 16536 129 48
leaf_count=119 568 567 60 48 16536 129 48
internal_value=1.26574e-11 5.66853e-05 0.00425653 0.00966709 1.51368e-06 -0.00249506 0.00259064
internal_weight=18075 17507 227 108 17280 744 177
internal_count=18075 17507 227 108 17280 744 177
is_linear=0
shrinkage=0.0650566


Tree=84
num_leaves=8
num_cat=0
split_feature=2 2 8 6 6 4 4
split_gain=0.407696 0.815316 1.0834 0.739771 2.07486 1.17597 1.57563
threshold=73.607397438246281 73.038931543389765 0.64723756207551342 1.0294457789526426 0.9692424231013218 0.92625958449136092 0.72972863833623258
decision_type=10 10 2 2 2 10 10
left_child=1 -1 -3 4 5 6 -2
right_child=3 2 -4 -5 -6 -7 -8
leaf_value=-6.0450815038991984e-05 -0.0048373006754541875 -0.0010147748250712201 -0.013090666550417721 0.0063608588696518684 -0.0059852144542163286 -6.1645174382623303e-06 0.0050509430183778301
leaf_weight=16102 79 95 47 100 181 972 499
leaf_count=16102 79 95 47 100 181 972 499
internal_value=6.97231e-13 -0.000103733 -0.00501172 0.000920286 0.000605984 0.00137567 0.00369944
internal_weight=18075 16244 142 1831 1731 1550 578
internal_count=18075 16244 142 1831 1731 1550 578
is_linear=0
shrinkage=0.0650566


Tree=85
num_leaves=8
num_cat=0
split_feature=6 7 2 2 4 7 7
split_gain=0.39743 1.61607 1.39587 1.34688 1.47895 1.02156 1.61507
threshold=0.80511655607507859 0.0086522319017824003 -72.480322324454932 75.801352138537865 0.85038339129693086 0.0027705512961413406 0.0041418633146329091
decision_type=2 2 10 10 10 2 2
left_child=1 2 -1 4 -4 -5 -7
right_child=-2 -3 3 5 -6 6 -8
leaf_value=0.0081936165070179319 6.2135003220059839e-05 0.0081244848935661963 0.0013810284693763725 0.0097896915729820018 -0.0071598439090383463 -0.010530074153650777 0.0064434681715763694
leaf_weight=48 17355 67 114 49 347 46 49
leaf_count=48 17355 67 114 49 347 46 49
internal_value=-6.27508e-12 -0.00149771 -0.00248498 -0.00333221 -0.00504778 0.00216001 -0.0017753
internal_weight=18075 720 653 605 461 144 95
internal_count=18075 720 653 605 461 144 95
is_linear=0
shrinkage=0.0650566


Tree=86
num_leaves=8
num_cat=0
split_feature=2 5 4 5 5 4 5
split_gain=0.398065 1.72078 1.48743 1.77442 1.48993 2.17761 2.46036
threshold=-46.936065678263041 45.732592349588835 0.52205849984511243 47.255685880063318 56.802707490777287 0.45076716292842645 48.684851602462835
decision_type=8 2 8 2 2 10 2
left_child=-1 -2 4 -4 5 -3 -7
right_child=1 2 3 -5 -6 6 -8
leaf_value=-0.00063612113805006684 0.0015152760927398671 -0.0015842698975724173 -0.004380117291317584 0.00061761749437672651 -9.9520664381010286e-06 -0.018134241013680826 -0.0040323834841370053
leaf_weight=3384 3074 1959 315 6610 2469 72 192
leaf_count=3384 3074 1959 315 6610 2469 72 192
internal_value=5.84601e-12 0.000146527 -0.00021566 0.000390284 -0.00110998 -0.00233174 -0.00787834
internal_weight=18075 14691 11617 6925 4692 2223 264
internal_count=18075 14691 11617 6925 4692 2223 264
is_linear=0
shrinkage=0.0650566


Tree=87
num_leaves=8
num_cat=0
split_feature=1 8 0 2 8 5 1
split_gain=0.420647 1.69758 2.07927 2.34936 1.08567 1.00914 0.621524
threshold=-23.71382809934244 0.46874999725345134 35.260576590914944 23.706832034043476 0.10416666641299281 45.998785513699794 -17.916179810608035
decision_type=10 2 10 10 2 2 10
left_child=1 4 3 -3 -1 -4 -2
right_child=6 2 5 -5 -6 -7 -8
leaf_value=-0.0016909192229026728 -0.0018460002326833446 0.0060533865333239944 -0.015177307889126414 -0.0082509736731535156 0.0060257126362321771 -0.0023998386102617149 1.9623471526525272e-05
leaf_weight=101 792 154 59 71 327 47 16524
leaf_count=101 792 154 59 71 327 47 16524
internal_value=3.59342e-12 0.00149904 -0.00199955 0.00153957 0.00420473 -0.00951183 -6.57065e-05
internal_weight=18075 759 331 225 428 106 17316
internal_count=18075 759 331 225 428 106 17316
is_linear=0
shrinkage=0.0650566


Tree=88
num_leaves=8
num_cat=0
split_feature=1 1 2 1 7 0 0
split_gain=0.401103 0.815201 1.01761 0.961566 1.83655 1.36692 0.71477
threshold=49.191854676776735 40.676994053703574 -51.179210191477551 31.07082934572065 0.0031116588867156751 54.145358150481925 48.086097939535158
decision_type=10 8 10 10 2 10 10
left_child=1 3 -3 6 5 -5 -1
right_child=-2 2 -4 4 -6 -7 -8
leaf_value=-9.0117770627877298e-05 -0.0048801788681727531 -0.0034248164810220362 0.0074185691729669097 -0.0035568758684081003 -0.00054833945275773138 -0.019172109716372711 0.0013417776952327771
leaf_weight=15841 71 51 130 49 260 46 1627
leaf_count=15841 71 51 130 49 260 46 1627
internal_value=7.50864e-12 1.92453e-05 0.00436325 -2.48699e-05 -0.00337682 -0.0111179 4.32515e-05
internal_weight=18075 18004 181 17823 355 95 17468
internal_count=18075 18004 181 17823 355 95 17468
is_linear=0
shrinkage=0.0650566


Tree=89
num_leaves=8
num_cat=0
split_feature=6 4 4 8 3 4 3
split_gain=0.416434 1.58777 2.44081 1.88235 1.61457 1.56992 1.81994
threshold=1.1400474202128825 0.69689276402915878 0.42329138438500885 0.58925507166846247 1.0000000180025095e-35 0.49990258041988905 1.0000000180025095e-35
decision_type=2 10 8 2 2 10 2
left_child=-1 2 4 5 -2 -4 -7
right_child=1 -3 3 -5 -6 6 -8
leaf_value=0.00013681691529961697 0.001123817914952113 0.010899115544706298 -0.019666296517619059 0.00033156639162457092 -0.0021392733812159556 -0.014661855484408277 0.0025629674159368095
leaf_weight=15164 1457 49 59 95 1147 54 50
leaf_count=15164 1457 49 59 95 1147 54 50
internal_value=-7.50864e-13 -0.000712708 -0.000911512 -0.0069473 -0.000313496 -0.0111896 -0.00638069
internal_weight=18075 2911 2862 258 2604 163 104
internal_count=18075 2911 2862 258 2604 163 104
is_linear=0
shrinkage=0.0650566


Tree=90
num_leaves=8
num_cat=0
split_feature=6 0 0 2 7 2 6
split_gain=0.391355 1.483 1.58083 1.70028 1.46841 1.61177 2.23755
threshold=0.98504950496446175 58.970074513479496 23.068681029378233 -39.104715403709051 0.0076342444812354309 36.234585510128746 1.1400474202128825
decision_type=2 8 10 10 2 10 2
left_child=1 2 -1 -4 5 -2 -7
right_child=4 -3 3 -5 -6 6 -8
leaf_value=0.00013700313263397524 0.00020855585351942484 0.0072943773728706956 0.0010228658840145326 -0.0027820725507368173 -0.00083171191096971812 0.0037332216316639136 -0.0023792156480446523
leaf_weight=6913 3799 108 679 1855 3021 1390 310
leaf_count=6913 3799 108 679 1855 3021 1390 310
internal_value=-6.97231e-13 -0.000285853 -0.000372511 -0.00176252 0.000320578 0.000953614 0.0026186
internal_weight=18075 9555 9447 2534 8520 5499 1700
internal_count=18075 9555 9447 2534 8520 5499 1700
is_linear=0
shrinkage=0.0650566


Tree=91
num_leaves=8
num_cat=0
split_feature=5 2 6 1 1 5 5
split_gain=0.399098 1.14839 0.797416 0.771034 1.45587 1.03553 0.760827
threshold=30.25323210745475 -36.514117769062644 1.2431449675759108 13.687204343162669 28.276987969583995 21.564452378381002 38.423653697274844
decision_type=2 10 2 10 8 2 2
left_child=1 3 -3 5 -5 -1 -2
right_child=6 2 -4 4 -6 -7 -8
leaf_value=-0.0082508919313210027 0.0013854943549505272 -0.013437132657766726 -0.0020417847254759784 0.0078666950092627416 -0.0041265771054318206 -0.00014990357928826694 -8.0343269568386018e-05
leaf_weight=88 1656 53 51 108 71 277 15771
leaf_count=88 1656 53 51 108 71 277 15771
internal_value=1.11021e-11 -0.00158532 -0.00784903 -0.000387841 0.00310959 -0.00210302 5.89479e-05
internal_weight=18075 648 104 544 179 365 17427
internal_count=18075 648 104 544 179 365 17427
is_linear=0
shrinkage=0.0650566


Tree=92
num_leaves=8
num_cat=0
split_feature=0 8 0 4 6 4 4
split_gain=0.386482 1.4166 0.736991 1.00597 0.954432 0.757945 0.862267
threshold=66.970606538109607 0.48478524723842403 64.056990828132982 0.10015278318315297 1.1569189978809951 2.9161286163592597e-09 4.2164076674566794e-09
decision_type=10 2 8 10 2 10 10
left_child=2 -2 5 4 -4 -1 -7
right_child=1 -3 3 -5 -6 6 -8
leaf_value=0.0038555667076842935 -0.0060393375801077089 0.0010492236039048987 0.0054498625914534771 0.010739677145903157 -0.006570551054061023 -0.0051619731883543072 1.2822200476821044e-06
leaf_weight=214 199 298 69 64 47 138 17046
leaf_count=214 199 298 69 64 47 138 17046
internal_value=6.11418e-12 -0.00178905 5.05837e-05 0.00419202 0.000579523 7.73627e-06 -4.01825e-05
internal_weight=18075 497 17578 180 116 17398 17184
internal_count=18075 497 17578 180 116 17398 17184
is_linear=0
shrinkage=0.0650566


Tree=93
num_leaves=8
num_cat=0
split_feature=7 0 7 7 0 5 7
split_gain=0.390079 0.467926 0.408892 0.774915 1.19553 0.518618 2.33487
threshold=0.047090974000590931 83.98664986981322 0.036361985828584749 0.029741261086829902 22.356729416861722 66.202026267510988 0.0076342444812354309
decision_type=2 10 2 2 8 2 2
left_child=1 2 3 5 -5 -1 -7
right_child=-2 -3 -4 4 -6 6 -8
leaf_value=9.8759213984006506e-05 0.0048126477646626541 -0.0053661237295642393 -0.0049256627313300633 -0.0032893109586610934 0.0092086090456435753 -0.0031753254915798711 0.0016399282709030629
leaf_weight=15987 71 69 71 50 92 982 753
leaf_count=15987 71 69 71 50 92 982 753
internal_value=-1.14239e-11 -1.8979e-05 1.59266e-06 2.11759e-05 0.00480793 -1.71787e-05 -0.00108548
internal_weight=18075 18004 17935 17864 142 17722 1735
internal_count=18075 18004 17935 17864 142 17722 1735
is_linear=0
shrinkage=0.0650566


Tree=94
num_leaves=8
num_cat=0
split_feature=5 0 2 2 0 0 5
split_gain=0.396424 1.44544 1.18307 0.993058 1.48985 0.919097 0.941896
threshold=56.940007456812602 6.0817012275610791 57.6777369497783 82.059557509498092 22.76860228768091 1.9841038187538811 56.684124027456342
decision_type=2 10 10 10 10 8 2
left_child=3 2 -2 5 -5 -1 -7
right_child=1 -3 -4 4 -6 6 -8
leaf_value=-0.0084429173267148386 0.01176833961947601 0.00021553310754067438 0.0023450090834531774 0.009555917629041023 -0.0035530137122248662 -0.0001726623232591536 -0.0055780690891846551
leaf_weight=58 79 5404 197 103 57 12039 138
leaf_count=58 79 5404 197 103 57 12039 138
internal_value=-1.0083e-11 0.000450072 0.00504227 -0.000206245 0.00488586 -0.000272836 -0.000233921
internal_weight=18075 5680 276 12395 160 12235 12177
internal_count=18075 5680 276 12395 160 12235 12177
is_linear=0
shrinkage=0.0650566


Tree=95
num_leaves=8
num_cat=0
split_feature=2 6 0 0 6 6 2
split_gain=0.378455 1.69601 2.12436 1.54312 2.00039 1.58709 1.52118
threshold=-46.936065678263041 1.142981311224706 45.656826147524988 36.773908482761968 1.0277769376709434 0.99317748972286568 -41.130453097340535
decision_type=10 2 10 8 2 2 10
left_child=1 3 -3 4 5 -1 -2
right_child=6 2 -4 -5 -6 -7 -8
leaf_value=-0.00071379399919087295 0.0029166746264016382 -0.012475455305533486 -0.0011685981139103413 0.0028350455079490951 -0.0054125016481535856 0.0051394851077469555 -1.4736345861655975e-05
leaf_weight=1948 792 110 195 589 352 218 13871
leaf_count=1948 792 110 195 589 352 218 13871
internal_value=1.07266e-13 -0.000617116 -0.00524648 -0.000162672 -0.000863885 -0.000124683 0.000143599
internal_weight=18075 3412 305 3107 2518 2166 14663
internal_count=18075 3412 305 3107 2518 2166 14663
is_linear=0
shrinkage=0.0650566


Tree=96
num_leaves=8
num_cat=0
split_feature=8 0 1 5 5 8 8
split_gain=0.377527 0.728828 0.454039 1.02904 1.25452 1.11447 0.981286
threshold=0.97598620387314072 20.494229035120636 31.07082934572065 64.763093719896048 42.877967324188965 0.37610368734500982 0.62276270275088952
decision_type=2 10 10 2 2 2 2
left_child=2 -2 -1 4 -4 -6 -7
right_child=1 -3 3 -5 5 6 -8
leaf_value=8.4925363759965296e-05 0.0029324037095781064 -0.0068638926197552314 -0.0042090064925830719 -0.0083907799845861809 0.0085785243352399405 -0.0071481524767363696 0.0031910529864715995
leaf_weight=17377 50 90 220 85 85 61 107
leaf_count=17377 50 90 220 85 85 61 107
internal_value=5.84601e-12 -0.00336522 2.62688e-05 -0.00180039 -0.000616071 0.00250822 -0.000563063
internal_weight=18075 140 17935 558 473 253 168
internal_count=18075 140 17935 558 473 253 168
is_linear=0
shrinkage=0.0650566


Tree=97
num_leaves=8
num_cat=0
split_feature=7 7 7 2 2 2 6
split_gain=0.383998 1.40901 1.39319 1.28649 1.31192 2.05888 1.7219
threshold=0.0020036645829461246 0.0017161525917212732 0.002396972734228103 69.871413645516384 60.59874614758612 49.723373324670611 0.93400910287394923
decision_type=2 2 2 10 10 10 2
left_child=1 3 -2 4 5 6 -1
right_child=2 -3 -4 -5 -6 -7 -8
leaf_value=-0.0055806130257934896 -0.0024259778022922901 0.0037508083159556818 6.8393861768650262e-05 0.0047420316769371511 -0.010744849906827747 0.012130699860167108 0.0024980651605365748
leaf_weight=275 1008 504 15843 145 66 46 188
leaf_count=275 1008 504 15843 145 66 46 188
internal_value=4.39792e-12 0.0011126 -8.08155e-05 -0.000734147 -0.0021151 -0.00099611 -0.00230029
internal_weight=18075 1224 16851 720 575 509 463
internal_count=18075 1224 16851 720 575 509 463
is_linear=0
shrinkage=0.0650566


Tree=98
num_leaves=8
num_cat=0
split_feature=6 0 2 7 0 7 7
split_gain=0.382653 0.693743 1.09745 0.691861 1.67541 0.653188 1.6155
threshold=0.74101402565066909 2.5685814534851423 15.081024368955553 0.0012291209233543001 14.814534741725634 0.0019313816563606672 0.0017161525917212732
decision_type=2 8 10 2 10 2 2
left_child=-1 2 -2 4 -3 6 -5
right_child=1 3 -4 5 -6 -7 -8
leaf_value=0.0047332666845381751 -0.012193710802573419 0.0046585426667821693 1.8347226871483137e-05 -0.00044553969993445404 -0.010691443267988706 -4.1611996628786787e-05 0.0051897003632216648
leaf_weight=72 51 49 80 552 78 16840 353
leaf_count=72 51 49 80 552 78 16840 353
internal_value=1.93079e-12 -1.89299e-05 -0.00473597 1.56455e-05 -0.00476901 4.9889e-05 0.00175252
internal_weight=18075 18003 131 17872 127 17745 905
internal_count=18075 18003 131 17872 127 17745 905
is_linear=0
shrinkage=0.0650566


Tree=99
num_leaves=8
num_cat=0
split_feature=8 7 6 7 8 6 1
split_gain=0.375261 0.584576 0.93237 0.779719 1.14562 1.26966 1.36753
threshold=0.013292191569403053 0.0012291209233543001 0.83686833231207702 0.0019313816563606672 0.53619354167170841 1.0226049407768827 8.9963858022399972
decision_type=2 2 2 2 2 2 10
left_child=-1 2 -2 4 -3 6 -6
right_child=1 3 -4 -5 5 -7 -8
leaf_value=-0.0024254821810816922 0.0026020444185868115 0.0039273641979994233 -0.0085078998489659993 -3.1930868905888193e-05 -0.0018524644933526559 -0.0096170762325364385 0.0073176003052121113
leaf_weight=266 52 519 83 16763 237 58 97
leaf_count=266 52 519 83 16763 237 58 97
internal_value=-2.84256e-12 3.62276e-05 -0.00422851 6.88032e-05 0.00192238 -0.000732187 0.000810698
internal_weight=18075 17809 135 17674 911 392 334
internal_count=18075 17809 135 17674 911 392 334
is_linear=0
shrinkage=0.0650566


end of trees

feature_importances:
rsi_14=113
mpo=112
bb_width=95
compression_index=94
atr_ratio=86
market_energy=84
energy_slope=66
candle_body_ratio=46
mpo_bias=4

parameters:
[boosting: gbdt]
[objective: regression]
[metric: l2]
[tree_learner: serial]
[device_type: cpu]
[data_sample_strategy: bagging]
[data: ]
[valid: ]
[num_iterations: 100]
[learning_rate: 0.0650566]
[num_leaves: 8]
[num_threads: 0]
[seed: 0]
[deterministic: 0]
[force_col_wise: 0]
[force_row_wise: 0]
[histogram_pool_size: -1]
[max_depth: -1]
[min_data_in_leaf: 46]
[min_sum_hessian_in_leaf: 0.001]
[bagging_fraction: 1]
[pos_bagging_fraction: 1]
[neg_bagging_fraction: 1]
[bagging_freq: 0]
[bagging_seed: 3]
[bagging_by_query: 0]
[feature_fraction: 0.500522]
[feature_fraction_bynode: 1]
[feature_fraction_seed: 2]
[extra_trees: 0]
[extra_seed: 6]
[early_stopping_round: 0]
[early_stopping_min_delta: 0]
[first_metric_only: 0]
[max_delta_step: 0]
[lambda_l1: 0]
[lambda_l2: 0]
[linear_lambda: 0]
[min_gain_to_split: 0]
[drop_rate: 0.1]
[max_drop: 50]
[skip_drop: 0.5]
[xgboost_dart_mode: 0]
[uniform_drop: 0]
[drop_seed: 4]
[top_rate: 0.2]
[other_rate: 0.1]
[min_data_per_group: 100]
[max_cat_threshold: 32]
[cat_l2: 10]
[cat_smooth: 10]
[max_cat_to_onehot: 4]
[top_k: 20]
[monotone_constraints: ]
[monotone_constraints_method: basic]
[monotone_penalty: 0]
[feature_contri: ]
[forcedsplits_filename: ]
[refit_decay_rate: 0.9]
[cegb_tradeoff: 1]
[cegb_penalty_split: 0]
[cegb_penalty_feature_lazy: ]
[cegb_penalty_feature_coupled: ]
[path_smooth: 0]
[interaction_constraints: ]
[verbosity: 1]
[saved_feature_importance_type: 0]
[use_quantized_grad: 0]
[num_grad_quant_bins: 4]
[quant_train_renew_leaf: 0]
[stochastic_rounding: 1]
[linear_tree: 0]
[max_bin: 255]
[max_bin_by_feature: ]
[min_data_in_bin: 3]
[bin_construct_sample_cnt: 200000]
[data_random_seed: 1]
[is_enable_sparse: 1]
[enable_bundle: 1]
[use_missing: 1]
[zero_as_missing: 0]
[feature_pre_filter: 1]
[pre_partition: 0]
[two_round: 0]
[header: 0]
[label_column: ]
[weight_column: ]
[group_column: ]
[ignore_column: ]
[categorical_feature: ]
[forcedbins_filename: ]
[precise_float_parser: 0]
[parser_config_file: ]
[objective_seed: 5]
[num_class: 1]
[is_unbalance: 0]
[scale_pos_weight: 1]
[sigmoid: 1]
[boost_from_average: 1]
[reg_sqrt: 0]
[alpha: 0.9]
[fair_c: 1]
[poisson_max_delta_step: 0.7]
[tweedie_variance_power: 1.5]
[lambdarank_truncation_level: 30]
[lambdarank_norm: 1]
[label_gain: ]
[lambdarank_position_bias_regularization: 0]
[eval_at: ]
[multi_error_top_k: 1]
[auc_mu_weights: ]
[num_machines: 1]
[local_listen_port: 12400]
[time_out: 120]
[machine_list_filename: ]
[machines: ]
[gpu_platform_id: -1]
[gpu_device_id: -1]
[gpu_use_dp: 0]
[num_gpu: 1]

end of parameters

pandas_categorical:[]
